1000
-271.3553718300792 348.4386750954871
78.13143125548461 394.0685735555103
5.787989710430264 629.6658309211482
880.9576543190248 -182.74325764102417
975.3114288556752 494.3781662323852
-219.32580185359728 466.1259241886746
849.0923552177787 199.38245312425585
82.54907455237026 919.0366486905974
538.1054876635556 217.78141298365193
-580.4943682262945 -588.2854900024719
-934.0834803760887 -250.232717119403
-289.07278600617394 -37.75642546375724
-674.0417932551936 208.93155100771077
-36.56140689233078 -747.4934237521828
912.6371483559599 846.4551597797589
-946.334691239782 67.1015165741442
445.4829145334076 -736.2282889898714
-161.33439621579114 971.8128093229539
594.9291585842251 -994.4522176323751
678.5009960581651 407.5105685125473
567.0814375466186 827.1345750402738
-961.9671396666922 -477.4868966620627
71.38148215849793 -92.9610643272294
832.485707888421 806.1472831464347
683.4406199006855 -802.4749449692887
387.46009142313807 -653.3873049084468
531.7376387231869 990.3658690626806
655.4012733727403 844.397288923551
-615.3922848345638 -59.30119723315408
-497.1752179779476 -27.86651931406037
468.29195173266004 806.4129624217267
-417.89437190170855 -720.5885522875682
-316.72235693327576 780.3204736328211
-684.3084481594959 204.29548426655742
424.4094109240284 576.7827427302037
939.8164185853153 744.7969240253822
100.55528908894318 -180.00314484758428
-417.7804785915855 -821.5788748847168
875.7727289524928 -368.7196088500835
-710.7658685140545 -130.26723915043715
-207.2676263489408 121.7673539884987
837.7989167368627 -301.0559021835726
-185.91527551379207 834.23268066939
-2.282625031548635 -34.64020525963241
946.0555834682854 -460.68425932554203
354.3021261756514 951.7518574359527
315.9924326674817 -295.2805532761267
40.05517760156696 -531.4103499552085
63.3514258278074 -56.926270498508735
304.8572615146596 625.0124475095167
-400.33729242226104 -609.9296960955077
182.86754016691665 348.61597333217077
-394.22807651936154 -651.1137091242393
568.3847695540716 538.3686073227547
-301.13899347161333 715.3313534813575
-814.3965905258937 999.8103769685711
-765.2773490114935 -444.4394893975676
-196.90090592889774 627.7340036148724
957.1279203061163 195.06960747865466
-84.12869002540879 285.09606225515705
952.7581413282152 827.2209530672405
-973.8590887428096 533.0801504812057
707.1568588639634 -97.04868957987101
303.73620644080313 -927.8091665978012
-889.2889321266837 -947.5256560203944
375.7395349830024 -158.07775128282796
-142.94669296781203 830.7795046910493
30.84826019647724 -640.8388695293721
-308.2156129871914 782.6928428386781
-57.9074854193129 -561.8460357257966
280.90514208663285 613.86591862605
-480.98150048458854 192.1072308298728
-561.3114930121639 169.97458364526753
-96.59847047199088 -257.91747737099115
-157.39624384017526 766.682793012785
516.1741752803468 -176.64815943086953
976.9283068733214 822.2440346697091
-705.583523484685 -905.7108503071142
899.2734583486632 991.5350628459205
709.8220109107625 525.0422219438104
-233.87341936128414 -961.8362933735425
-106.97839228808337 689.249405108481
-196.35195786070136 -254.66461037375998
792.9361171526623 -924.1509769199807
-54.68461789239165 113.05053973534096
-677.5326326747711 -911.3398410981861
-878.2755357612659 -554.2701263353086
-372.0727609693728 736.0141017240262
750.1616776151823 -933.0663300910707
839.7019262477911 -160.2271423070778
615.7758029854807 547.1932721549678
-638.1177502988706 614.9149270101302
162.62891527568567 -477.19224272170146
-647.5153406921696 -451.1194564211949
206.8681036217168 223.47119169499496
-743.2610007393707 -904.5285858342016
-362.1212399100942 540.6515219392247
445.6005191432033 -21.259908384619443
880.4598881386252 -699.1890547123229
889.8995634207549 -794.2097464747808
-149.8991337861315 469.1742752895982
635.8591675985609 322.0339091454738
-887.232591225708 -990.9728794958144
222.43099818823885 -122.03345916416586
-295.6780606715834 -952.0816466074797
969.6594077253707 -503.9947327629224
-105.70266764612035 -71.62369323541063
77.91735485647733 817.9489643416862
-651.3758321114171 99.36032256042182
695.6938344586295 -997.4270057236225
-706.646059168144 -194.06512535419074
-250.1073272053762 360.6063617021984
-377.0386112213846 490.84290580686127
-101.59981842862864 976.2736873399356
-168.61089471565106 158.284722290015
24.14369397257765 23.354437298731547
-782.2093013787628 -198.02237373679142
-400.4692299802308 -942.8431394496408
462.3605726267268 785.8531561248539
-454.56286904524165 999.5319061800303
-292.90048692613226 -588.4822998772223
771.8707356103575 -785.9983914101083
825.0969751249812 581.0440258422842
-113.25409939176856 -739.6909129019435
-226.890755707708 -883.1154713385712
468.5560866670735 -16.54485679338591
615.4306295729943 -437.4329585722514
738.6904628785686 -389.43262379732266
-384.1647141967943 459.0061741567628
-638.6870093633199 521.9376180650835
361.7117247700994 -701.1930423969279
-607.6509898334788 143.51498794708561
-970.8548079204357 63.43108016736166
914.4685662333576 -268.88150870354633
217.5752267727742 -595.906010843354
187.60458029191597 142.00658815168433
-100.80874392052542 7.645693211948634
415.10794914037706 -40.205767442244465
72.06909339167544 689.3335061065582
368.921307876632 -796.8837431585918
65.30080227699587 -592.8375292070642
446.41681741272856 885.9616378366793
-286.6994385679489 33.76840940916237
530.6474609179877 175.0735115132147
887.3551580591492 -995.8518355718704
-572.5508298587882 -40.919515446594446
846.0713667966721 -606.5402552295953
-354.6945042009269 -905.6290213195415
772.4189862821029 -988.0244472749866
-501.6278016572837 354.44706320096685
-386.60413597381904 818.7481021510551
-711.6971304876913 483.1430140588191
-776.2851618540096 547.450831651787
-174.35300633276606 318.7898049491233
144.98978597466206 -701.6862969103393
-711.2043629373064 -927.2707301394349
450.56857938027673 541.1559719844863
-994.9838725295949 215.53010068743905
720.7882640604182 9.821257179856602
-467.1568768182899 332.3349026832081
-163.96748558879491 -729.9169101827567
-961.1863978713051 205.89318913011678
114.6729664581001 -909.553378238235
-600.8875898712089 -711.5282620886196
699.3130158983445 326.44199929564553
-218.38089065401323 -84.80533336117557
31.214157974837285 -109.12956761031923
28.25216305167766 -697.6449663082933
480.7261867328383 608.8532365193336
-274.3383811853171 -944.542010004507
-662.9204252762155 337.3357456786448
-630.6929738830019 687.3215575932521
-591.3528619704407 263.36449572912903
-56.19439663489523 244.48762994457974
-924.4590041537853 632.1608663137376
674.6981806540862 -326.93585504980115
-245.65314224717437 581.3203545712078
-348.72945669240084 386.05897959982417
-353.15539444352197 866.1074093001268
23.567202174114456 -794.6773647755309
7.527534036459782 -6.145648088978994
29.04947516695988 -349.9496133624227
-556.7225195627152 -642.2080598257811
958.3872614574728 50.21259627794761
536.5033818968147 383.0828740156835
-530.131459920387 740.8202052712229
-703.5069802902414 219.78370858619246
-59.40055179187831 -185.0663728776083
452.5150253367849 878.4268933849362
-980.5062585058963 -558.3135743750953
26.605961723739746 -179.0562803132898
516.2824405287307 418.33698915105066
-426.70980886611454 -993.7385899021957
-292.3230943612021 -131.3686567193304
-962.5485631597377 -508.76226693855745
-234.32859428349718 -277.40253606588897
558.0133276805881 -916.5158436086011
-700.0273505142238 -299.0627421872309
555.8668284675088 232.54022267378093
908.4736798920292 -172.82691598034816
345.07807737908627 -344.74499226007094
-961.6611310984988 194.8863372212235
-663.5611403809352 -18.91253047513075
421.6920985683701 477.1367506693158
-161.14612286849007 962.4888113180376
587.1949761087147 745.759067041113
422.813182301222 204.91844140756976
116.06445695553913 -125.77227380688983
978.3435564668632 585.837929400533
-104.30102550109366 584.519979650238
775.5448373800389 -596.1193090346344
-497.2492079480464 -38.823406268706066
-979.6731282802482 375.25332866512963
374.944717148471 676.4641025885895
915.6982789646236 856.426316681209
-31.131367200498694 -898.8564668247416
-214.12409612639283 -431.5383491443614
-258.70779129617347 -750.3058318312958
146.65846974221196 -13.604985613964171
656.2747309567192 -139.25234452651435
-884.7375714124937 637.64751763226
-465.6724052347858 -236.52072083874276
777.2322093758614 -2.956738016388183
-513.2383853052178 3.310554329121196
644.1686824062405 -974.8278295013814
395.5372972768825 949.5474154595324
-658.4917943680464 -381.30645316895163
868.8892905351253 -431.3555892834835
441.14101088655013 -540.8419586698865
809.9234733989318 -69.84607050604707
-738.1336938207174 -856.4143224774245
786.3079384299492 -73.03486741033981
-281.2469798806267 -774.1640144749076
248.95799589054678 -228.64609657987867
847.073271459368 -163.57928902051034
-235.43640547601407 -635.2715426692243
-22.84532968266184 516.5346120218381
-173.93756176245455 -278.81927088002567
860.7486946974028 963.4393852865006
-437.6183369618538 124.19565718542746
-850.0493295538938 270.3581604697498
-805.9257846414234 -372.11150561945306
-901.1904837560492 -906.0813848088849
273.9537467909974 522.4186838597234
-398.9742950180113 179.5857672690424
-804.0634664603746 258.4070150742441
548.3531615929858 -383.29956360695917
-790.4830089764896 854.0988632112974
946.7248718171794 -924.64443362626
-587.3187336344647 202.10938561624215
348.3095953432176 20.361970598199886
658.3121798447646 -192.95812941336376
-947.9748131998326 -283.6800998958606
359.5501255564928 -172.82298098575689
-211.02073750053884 431.63388156579407
-628.3610613099581 -740.3838759015324
711.6965858604199 463.60741689495757
928.9608619632663 882.0185490369407
660.8801358034042 -674.8287278601905
626.254077749687 -992.0430975779966
-20.369752489681538 -625.564694578314
-289.38973978355295 -879.6037531566576
998.740532960233 -541.6511210230559
25.581516092664238 -264.2594552796691
389.3601364052055 481.6281226880197
-994.5612818180605 -727.4056500025246
-724.7321512263791 157.39819872396853
-346.20958420748394 792.3981948002272
957.6319832031586 740.1076525895089
-466.8410624140387 408.95354105189494
233.14305587345908 567.8761777220591
165.07301983295707 929.1396795605411
841.4551276634447 -939.9891989943492
-808.8875556162476 -66.90332163987645
-789.6406698520799 -296.63178874594706
-570.5030110597595 431.0229043382703
768.9060639659211 -949.6751073463358
-402.8024633337335 178.461667601594
632.2190660965421 -19.45379286268789
669.2268993046957 -356.1191328167883
-426.05680326889495 478.3248142665788
-414.1717679565235 -268.4749019255635
-898.9054467064801 -636.9685000250689
-741.8291466871594 434.03992460883046
-829.4256897641112 -557.6842013278442
-389.08071455302417 -471.5954007906522
-638.9058149260254 -453.87051314674596
927.2202662070148 147.51513760445124
-456.51373933303876 -327.93303028307605
-915.0435586102712 711.9651884819851
-770.8353556749514 875.3327451081408
803.2764959089578 -917.1768715379229
352.41176373341546 909.6358429475464
564.8865558052578 -305.0632885233815
-389.35208422831136 511.3932430809014
994.9327119231506 -683.0609785470027
-630.2359826222432 -179.36794549974522
-381.2864739428594 -615.5115288636285
-938.7921641064614 -953.9298273991172
563.6673398048 -287.41636711886986
607.403136161849 183.55574306359168
-899.9422550701253 -854.467228740449
886.7350121314423 -702.7579702989913
-403.1384230795629 239.86609886655265
-153.85202693228783 -649.3794489455953
-903.176385698049 -143.62763811019374
-278.4892525147027 -775.8510567892218
156.05460016288842 -830.2642994400964
99.78251708112862 80.1955765430995
563.9024265334218 44.9636733050951
459.1390017388326 929.7599676851602
408.223387628174 -569.9303278933123
90.34933702681025 481.9522354539449
-464.50925924748844 455.35698842700543
302.41041469255816 -284.1709797790375
737.4263983864396 171.4252250551378
10.493116568533356 502.031391117312
-402.17012961087886 -450.31407426948266
546.9001186551454 -506.82864797315096
654.1205174724172 -939.7592836391917
-959.5527269968027 34.94251400614523
-481.4091884332619 -11.916849571456778
-976.269145720023 -212.6087496199196
-327.4751871336523 935.4988411274496
-974.6988186820925 -739.7886159538076
656.340472474185 -537.4282056964164
934.4091047980827 358.34740483168525
434.51227152970387 597.6389786008372
-74.47787054767873 -902.40840463204
972.693422536918 -799.4267678810752
585.4208582478037 -490.318636602038
-983.8718170634613 133.9322909302869
564.266767782948 823.8407747145249
-475.04397136269904 49.6775461598471
-662.3770300773883 422.579119888105
-432.6705832460982 963.8817951106133
13.118144262195042 -647.6990047901332
-38.89550805303577 163.80817612717036
-429.771364475547 354.2222778978812
679.1030419622888 761.3172485411827
870.4929275826901 50.10815336419516
-672.1521129057124 397.383314175207
927.8146679171189 -387.79735552598237
-421.6328303979662 -853.0668714039866
516.1213424846262 -995.2261409543837
610.8530045903943 -722.3493082244297
380.6475357433323 294.4481521151812
-60.355560236585504 -274.9056583586147
-240.02276366090226 290.6201538218456
-411.1327691410529 228.82191650469673
-520.4524785100273 -687.5667015709126
788.2181705033613 -189.15610754979605
216.76503147882786 -658.441036704518
-686.301419294933 -61.59997271307604
250.43580253659093 -382.5104177235763
357.14417940947385 -541.2650608973541
-72.33894682102782 -496.9714224447217
-566.17107761651 -244.75996294497926
33.94890104447023 317.9836133559273
-11.872338893105017 -646.1655940050103
382.7684661623787 -258.6490714198004
-227.18348456285287 450.52858995779445
33.57105881678657 789.6371572721623
-559.0964029883067 -8.84614958361829
347.4341244249761 -715.7179524590789
-361.056845429899 -158.52855432170233
-487.009708417071 754.7253285002364
-90.6346930778863 -514.2276717582532
-277.0682711786847 349.6573310726685
116.34831949778457 -128.77991205797377
-442.2520493003046 -403.90644993196
-320.49992070195674 -94.56836906849419
117.54055645097061 793.3704516330198
-931.9448699445669 139.23578789114964
334.72206119699723 -38.97284695166326
567.4658089712434 677.7664427373518
-939.6076004491771 621.4403202053549
-100.20023943140698 21.81065715517616
-827.7452834085872 511.61719467426093
-379.46687619663044 5.854209881062777
-937.0759228333123 94.16576526787645
-82.13984087995763 -795.7234095894632
-920.381430627968 -981.6664282623826
-918.7514135582376 -261.43772900510044
-863.9407343435621 137.26537496226388
-219.6246357120968 -907.808455972321
-179.54197656908312 703.8151359215315
577.4988797185218 -398.6307774435638
161.36965623643306 736.1678453482945
-282.3779962183974 -700.6318624267844
212.7782949595809 212.70128734084338
174.64256360671638 -967.1429926773131
-784.7550792999933 728.6001280165934
182.08360010096513 733.7694783141721
-741.164745656131 766.376962050285
82.24161078868009 402.97306445421
-641.988672432851 849.8992397785106
469.5671942744275 539.9624529971561
-437.25819722754625 -343.72771141507343
952.1134223974415 179.40502760122888
-614.936185136983 -913.8257465869293
140.56357978838108 441.7391976681888
484.17402621190854 -401.28083311217756
655.8566027750629 -150.44337390623986
44.37011155833437 -719.5086430682644
-808.7223136555206 177.97722678213535
-715.7935708188063 16.015793480012253
429.92733490911706 -557.254637080338
-6.456261453089862 -86.33389845093032
-553.5530282195696 60.39894709309479
351.4010841353037 -310.3462411624078
323.61899805160374 738.8113356493817
216.8568539415603 867.5001229439761
-185.51218124942915 308.9048569520376
368.30590663683836 734.768549381049
-824.6351329128778 695.8089393244564
259.2084531774104 -775.7227135425763
751.6702583098922 -832.8770487010972
-212.6576433736558 371.25648152399026
966.2201231885008 585.203509695587
42.12694375432457 936.2142561808874
-523.3637242215317 796.0228475006041
-550.1307911776016 258.4901056785127
-49.72986806923218 121.55304759804642
-270.505195929996 26.36056817656396
974.9400848903848 -163.66203221932406
918.3938778403761 405.3595223823181
304.5933068302937 -931.3910753716827
-319.03045936636374 -481.45222191575374
-899.3736497660695 364.2470240454112
85.44576861177333 -301.32228544542784
-287.4307338571076 466.46323414456316
-874.7674010116384 -782.4489816423251
-218.8880239975768 -597.9758575939115
651.2480611711509 -483.7635484994403
-995.52379396685 599.6824003616179
500.3838331920458 915.3240117188163
-65.36359494594235 877.8346682835012
-898.7628651559659 -559.7051850017933
82.52488019728021 961.2588438762573
-159.70269467827737 279.7818698681367
978.0505915603053 487.9772162495162
735.4516843657497 283.30721654845337
272.0016855324705 -142.3119303731555
-118.41540460085386 121.96394108973595
4.368231303174763 201.1493338921402
-39.812302261350794 639.4401587985233
-319.7180673153457 -781.9660411335134
137.54793347212834 -147.13923875696523
-487.2925785611406 -736.9888306301007
389.117752222508 -236.9967853885526
619.3808126166938 811.6413429104798
-733.4595958567918 6.440757665018948
-765.7028365398335 -80.18701838717246
-830.8566270740812 636.7361361776768
-188.50016013897175 465.97636485174075
-965.5659577685502 -739.981668762893
767.205694081016 420.16100283088156
311.58436831003144 -606.0077442088296
-557.1037315900506 876.9965863537648
-628.8730585205274 895.6391634798326
180.05848719971817 993.0266252168423
-994.0999647318838 897.8399663879377
-692.1372643752659 580.1269961986546
554.6073162621585 -820.5025646292703
694.6671533173275 23.739282864399634
-934.5050440065734 458.8761143971045
448.0236916124647 83.33788955507603
-310.3297325923271 945.9120145367237
284.4608515326763 324.3656726840209
-841.6800220178329 87.50223245764532
-654.8962195830636 553.0053865571856
388.46511093558587 -997.7764657947279
-644.3234406106498 -732.5935884988621
445.37462504096936 974.0483607898332
99.32872189702535 921.1221341053811
-736.8824674534947 -589.6216511913193
-769.349413840781 -749.7506323572201
55.37335945356836 462.4626474374289
960.9636728834537 -827.2573212183349
-264.39482098402567 30.409181910704184
-614.4479686475663 -468.61782387932595
834.8536699989255 -851.1908944246578
-928.3145841756377 584.1077483667647
295.25169489892454 610.2849275986581
-109.10836072485463 738.6740501897391
-785.3318552448613 325.0912704541782
-228.87579439945992 445.7164296742142
582.0440731018539 290.9503734564411
302.37607001557063 -916.6679499965267
-743.0003214140919 489.1075923538226
668.3120012703579 -457.8671313498206
-976.5573012136601 -355.78916058221233
655.1799826897802 489.0236534178287
-581.5756005698258 767.7033249110164
64.84424041679505 -315.3414958844629
-286.1889005800369 65.37848579207473
418.8387961759747 874.2603982812511
-26.047662417337357 762.3162359604559
38.44908502315225 170.32308840171396
216.85120907554233 628.6777517899858
-63.48517722872171 -75.7958172644766
17.49002482375195 -4.283434231543204
206.94968967737438 -981.9715581796904
-163.3942800771515 544.4608659670818
488.12220577489416 443.6975675150587
-333.97551656228796 969.7476329116856
689.6488184690546 44.10109185470867
-82.2330353383225 630.906009351687
-169.7163565620996 561.7399378012973
-747.4837480906198 157.19499929142188
497.75978956218347 -111.03478501158493
-522.5541285487734 402.75828105877355
-750.622999488477 -66.87635910302059
-821.1503236611215 911.2590673700172
-461.7400727392644 620.1583903058088
-225.22985990910604 323.59660367937937
-316.99932022283986 798.4789143018855
-216.44557531552567 929.0504843725342
-987.4684032457188 44.785520981982074
-263.6838303976068 838.3209763313865
-532.7910679615251 491.9147462075719
343.53587834637443 928.3085746472156
306.00853180534136 425.13824873915576
495.617480375478 -995.9052134435766
-241.1349116274133 -523.8504424050319
-503.1196519661785 969.3745010033512
-259.07803069495804 -173.83028675961353
-813.9405984598567 -575.602059220593
149.63518528381735 489.8085073412395
945.3927595729803 -296.40524312515936
128.62746641026425 484.11505935471564
725.0172072824823 -657.1802772591838
78.9494839238123 -488.6371953625506
846.3912438671082 309.76111277064524
-255.31303054845188 -688.4606214308695
626.626358309664 925.8623255601091
790.4568101461165 311.6158080068925
-406.14634659511205 117.81232530451247
832.0580471007033 212.01722347072138
874.0615702491364 592.4178859013389
-237.22904621934293 767.2379793391533
-507.626101065219 116.78371169505274
-247.2862213378526 -27.098788981786637
-591.2237423018552 -761.8990592808657
-159.70322657130254 -788.6988617549098
594.9301579164228 -707.6451004342008
-870.9688406899743 -170.00856094045957
644.1964926811183 -364.11294064221636
-182.5811315559096 -649.9431970033913
-896.4765123866083 -660.1885130659686
140.4971061858431 52.75066719830468
-525.3508098589308 513.9907359385978
828.1699453707428 -551.6517836389245
-743.8767098221601 -304.5704336582835
916.2953796557518 866.4583935425168
-794.184865628545 660.6797278009288
-597.5043475262387 697.4003318697339
-503.27551865931565 -349.4561412792354
375.6897120491731 -60.59548912126611
974.7964491876639 78.66437116069558
-179.21745612281748 881.3089101160936
46.61975724124279 372.58550022430614
885.4409021364553 987.0046541825628
542.0365380405175 765.8611014494761
-606.7319370222606 853.5084606250969
391.02568258865887 549.4153437938949
975.5486252433944 287.2438871176934
418.4652263440889 673.1735425562538
76.91052342678529 -944.1852747534621
230.8167009129798 883.5230251096491
413.55816306624035 387.5692839552403
908.8432133801945 381.0498485449072
-135.7649764158828 88.38990089981013
407.7240682726735 470.47209277580504
-157.55006467242748 -758.4644387709938
-140.35144862307592 -740.2231259448431
-310.02071301330835 -861.1196173585181
130.47852903601643 -673.6304880144828
511.36690222593904 346.4107261193834
753.3971095759182 260.99320760893494
-210.79959384787705 -770.2955324732324
343.3726796565812 227.11746570721238
192.2170230823228 831.2944116050687
-348.62678327224205 -828.136606613882
13.338915858706502 492.2858343405543
580.0576764014073 871.6602016040438
58.947180231710306 -848.3884370069517
685.235659724204 636.1762132630289
93.60286389426564 -256.28072311748815
-523.4321976295005 929.6293516170766
-500.36494750249693 -417.61165200361705
232.4298900319699 -870.2343193711366
-959.1206396307704 -889.2379802302169
-229.56407819470058 895.8834261478165
982.6458084093452 330.7536168998151
720.8673672354618 581.3258812028004
477.9258141056082 934.5277301144541
26.752792886037604 -652.8431072013275
-683.500354284972 -346.2034100727358
263.70525692967385 -191.62656894428088
-505.81699402678913 69.39369014310337
-297.0793663540925 -875.3581277824909
337.96123123147083 -425.4643969491594
-276.1899474350682 574.1402492918996
-994.1215356506823 -507.1559447836944
-803.6869026604412 547.2344940567506
651.2696714069103 688.7537603049359
919.47530216161 915.8196366904234
725.8800398956096 -794.9363889007612
-476.4550602034465 -528.2304207156415
613.7067125816662 -296.861304213075
-151.07691954485824 880.0840954474396
345.68851537956016 -228.4756562460708
-570.8476452481468 907.0804391900806
-201.82324216568182 931.0216840041179
944.6278283833311 997.9690121091853
-140.4532754438137 -137.84341808433288
-574.6785302797131 111.16023337408708
-875.4956800288829 878.9992894932108
-753.6109470495907 959.290555497146
-466.454924771599 -466.7749903553062
-432.46800742719296 107.29698012273658
289.66298560787186 -694.5255331749769
852.059088179858 779.4871105016457
619.4744424892367 -705.1943779739431
-344.6209170285226 -262.50803020687584
-575.5352830772403 -44.09884189437507
912.3786577409664 -515.929154940435
337.96842673053095 347.37174321209375
370.00404148478583 -860.3101190737478
967.9985338872459 916.2672734987154
-566.1571000889983 -495.15554345381594
-800.183933481341 -111.85539294275482
851.2430002545701 -542.6983924961793
552.6670718998479 554.7229292427662
-323.0023026769684 -31.285683386516272
-177.34627672379278 989.314500375839
471.84368702261594 856.4868435890116
-542.0390208044059 -712.0849491912975
-390.97173103414184 -946.6240907194478
-40.315375273172194 876.9342240125353
-861.3982564570259 173.26907126346634
750.1273425211697 -91.12021069289366
364.94928762143263 706.4632938307258
625.4665253673124 -82.55847413190631
861.86115067889 907.5578537503219
603.2621126889268 999.877048330367
607.46790999193 996.5318690033349
-614.9329217549202 -723.0085411998231
459.25567699159296 -80.87293141855301
948.5381134902733 -218.3411269214033
929.0412914688512 509.18159160697354
-607.4119054431262 -748.5915899053033
-487.15181602885815 8.809280712704926
226.57752285729305 702.2932537685067
-775.4475918093852 325.34906939215705
13.77522233893358 767.730091218979
-111.34799062305589 -579.8309860520941
-84.33353257910947 969.6457504197004
321.7581764794275 729.330819025166
514.9851638704508 -131.2624110323506
612.4713498769358 144.89337439512883
-198.87492078595704 316.86494681288855
-544.4801217395876 -535.5016731041216
-971.6964706230411 -432.9887922685809
-496.8144442678111 46.16130399091212
12.81666303607687 -127.74390837108118
552.3514897429623 -68.81863575025493
-6.880008844841523 -742.6986995752045
514.8851107814427 -654.004575667543
-80.72565260514209 -421.50668256375167
886.8655773062084 -33.407775487250376
117.3934245018029 -991.4611386962436
474.7162572177279 628.0256040462058
20.077643265317803 -902.5654142292772
-174.55069737778638 165.836041327885
-755.3859507793996 586.5121638682549
-161.9593042072296 -444.88467343521364
97.78574664986905 575.6981986892018
-624.9706797890664 656.3629612476553
87.04919855675031 969.986032100095
273.80873988031794 857.3093658454131
208.11075002018796 -335.97024287709786
383.9272922938517 558.9727537607405
-869.2332194966805 -643.9183474002448
-596.1765667377604 720.3159035182705
331.5509157034191 -166.66358523913738
608.3343231851312 -287.62751633386506
383.5643692080575 769.2359034998393
-908.4115935147216 216.49569774158329
-787.4009044714398 -141.15644719152831
-326.4837009465378 645.855725003327
931.0556251757589 85.62891970727749
-233.04321945601768 -376.99870510508447
-600.7865112034497 -703.6183903273569
135.18744740802367 -499.3460883791867
-707.3277261529847 619.2073499167312
345.9959240510073 604.7853374961427
457.36874522600044 685.9717126493539
308.6238547880118 9.899040141336357
536.0596233009832 -221.93950149766707
371.75960590257586 -348.14626955129467
-171.24151400974074 676.3770122694597
-505.6452890484848 777.658336177168
-809.120875297364 -337.59861215258115
-578.6645864803743 -20.327097299222885
-224.19616902248075 -863.139703526278
938.9379482630502 14.966079854695558
-983.0154175363532 490.6117992019268
-820.773496214575 403.7659554864737
488.3874670209347 -976.8615239697158
318.74542658011353 -89.24934710840682
-390.4882776494003 261.3079949609269
987.7324165777817 261.40771190545473
73.21008561142949 -60.837936990655535
677.4136499546604 591.9259476028222
-933.5855817842023 51.027814261425554
-133.12036380868443 225.0481176257666
-506.76963594179347 421.91990230376985
-61.50270454850926 611.9248432142618
939.7223407507375 -947.1947017936413
418.92145897084856 146.55946266406184
82.79352987365085 372.05595134869094
-458.565676393575 315.4115662065837
273.6380410065744 -826.9274244872324
454.89457638100595 -875.0464891291789
-901.7376791388691 -130.72131907830942
-366.6686115838025 -554.3342861456291
-29.66928619246101 -691.3492977028694
-604.7951330583181 -169.9298535169822
917.2184068453244 586.0140928241146
-545.4667933474184 -941.2444956882342
691.4624265910035 798.9663963506038
667.0492199085983 403.11646156667825
-518.968632862083 -486.4285187863513
998.7430306767246 523.7671067211571
-995.1139775692773 -261.5336112829898
-123.35312829356026 -351.35914334932505
126.48023854862167 -821.9409309227568
691.8858332939013 346.0288913979508
-715.9009720773099 -28.3416332035058
-605.1295194486696 316.40916095442265
427.43416272353363 382.00822553352464
584.8491227073179 -840.461555334111
-694.3530749808319 -563.2422450223916
587.2984683510176 -133.2855399467492
-732.0822229473251 -371.96052338861676
640.6317052588175 -97.21526689902582
813.5088364089855 676.1068287669301
-300.4857354702002 -528.2933221556825
-490.96658210569547 -442.3281884474386
290.27525032566336 93.76370417700164
-537.5626485630507 243.11181933166637
525.7105904645239 -426.57996440183933
-982.2626919846799 6.163403841229265
179.9095891344087 -986.3035307818274
358.72197078865554 -284.9112179193523
271.29921534660207 -998.980508680011
-310.6681577567847 -709.7162725967197
30.26243032656506 610.226092429172
0.4956344763726861 -652.7989652551338
-794.0603207397771 119.10043199856091
253.21870990956907 0.10027478337981677
939.3629534784935 796.6665546776253
323.38046080180584 -557.9709099183605
145.7507901653856 -652.1216453440906
700.5419403428012 -753.0651868994072
528.2287184994627 -808.01511144554
360.8790000932014 166.57784280750465
-435.8171002437921 -517.3193731169481
7.488617707358758 -568.2967189405199
391.2719222650296 898.3192474868354
-574.2588245551026 258.63746835939526
-98.69033720357857 -782.8311834359962
-881.2813028328112 -816.4502964093097
223.16516254008235 731.9970069417084
-186.10775626917552 -156.04429564425982
852.5879226330968 -941.1976660221579
170.12305381318217 -690.0641578840285
-297.51432568126245 274.03164926714993
-988.1378110152949 -133.37227140054054
973.9568374298482 -741.2843939616345
-166.43243914112227 518.2580840575895
-160.88167352330805 -705.4478254266785
384.8763024727722 -135.49378925396138
650.1959213351123 25.284501613071164
-188.10730339371372 645.9722689498645
607.4268238271983 512.3304375699391
19.17581112482747 311.26187866717305
297.88825630280803 -994.1055484532384
441.0805113247511 -885.5695575018565
-211.6223728114792 -97.59804474105538
-535.2752302638066 -728.7153337402417
-684.6658897993096 592.2716332921365
-428.49191074834624 453.3335665316751
489.0338479426102 -72.80569165872453
-130.4061999488504 -48.97360282390184
461.23052436900537 -0.3894643725803615
-446.3709719422373 207.42211472018067
-999.3808265970227 -173.75356799350428
223.9569989413801 289.70928916666327
267.99537346297274 -667.5774779513059
-244.51076613855594 -239.7862419832848
778.5899800272438 100.26224571358023
-914.1808015312041 -614.1894556662659
-85.2498665146797 509.26656343327204
45.37301451262654 -807.0069275396144
-690.2533074631593 323.0326271066557
934.3420756005034 -115.30341419562174
-251.30430039635064 446.30502104977523
-292.7765940495615 603.7204992533922
574.2457611038709 928.984653017602
-600.7963454293628 -542.3857626511692
-464.32202534987607 449.70264546401563
-90.32829453834212 15.454456556888152
-472.2196421355882 3.5266562220386266
-349.3655630685306 145.17683429885287
859.760629019656 -37.02650506081739
-49.14614693203334 -20.200404250500405
-79.38334976638428 184.15962672129237
216.7240374044821 -699.9303242715356
-179.69679699903884 -383.3413304820139
-523.6717174452525 711.8503916013956
227.86547104190257 866.5319911014835
983.335039014738 -293.75659139595746
696.2373522248269 456.35850048419815
36.83712368386094 315.41160304334136
-698.7657422357338 -871.6367945141279
-309.19299929143665 82.89618371484298
423.336330123776 20.350376523632807
-669.1098778548741 639.8440667981424
-47.35188625193621 -449.95800537128395
-810.1410503433435 -859.1976626528055
-400.3653141809904 137.16243598759448
-138.48448055909145 538.5580647718032
-43.17135198400912 341.138055632503
176.40853467117523 338.9862706195648
577.2835003574079 32.536856364143496
-358.6252735353983 -972.2073149625205
312.06309643842076 -894.0429414325974
-673.0249939048917 81.91155845329678
-363.59391030659197 432.04563200349355
-350.67476522542006 701.2008414828017
793.8888879860415 49.82595528162448
614.5816840046903 369.0630913691493
136.34452184847157 -774.0296109984979
-688.6885980803305 389.10074611386625
-568.8688314164178 -497.40367112879323
459.5972978848477 499.64381103118717
639.7115469619266 544.4588161415049
706.2659772940782 -903.5598832235407
-944.1071760368199 843.7206538253402
202.22880972496648 -642.8981011787845
-365.68607449994994 -615.0601673046765
-414.7610453116659 937.0217311889714
-312.9521570694076 41.110009777402425
-633.8661989370445 -218.26642183883237
-524.0036705409361 -165.71372617868607
578.3801606230976 -997.5514089111867
-175.98409884736998 -143.34427267350236
-350.63355201134414 -871.0447295764081
260.4051668527454 -567.7411937832509
-593.2789421909677 233.94021760519013
-226.0681054326985 197.4920730813654
621.1616291009942 -451.52371188774396
128.74050896268008 -562.923372219706
719.0868746708492 -452.95447611605755
-587.9252822886516 529.8730713710294
43.06679934246493 -419.5756894599252
-964.7664547008412 158.26958630024035
939.4145655157697 210.7440004436736
861.0835891645996 102.54608829418932
-281.09055099254454 376.6420714073202
978.7923760876085 -459.5942048916146
-361.6772727640889 893.6399958712847
-798.4087210827504 303.5388210726813
-740.551080455572 -431.5799423611621
-533.1691580351925 976.4314048493568
-444.802986103785 876.5020352579864
-20.11141477694278 -990.2743188458702
617.0225645557756 430.22874092909393
767.0926204231635 -467.92885010725115
76.75204589192842 -87.95780271873377
-82.87190442011982 51.83350418656762
-899.8018851204881 -228.33136844778858
571.0204764484507 544.2536447209085
-223.0659744551553 575.7382740904222
296.2655667007079 122.62051428955023
610.4067132476719 365.12873515407176
606.6626749675736 -318.5652297704613
747.9330417885457 -566.0331600341375
215.8268467782829 31.796967353696857
-10.962885816365953 -230.17326132586268
-696.6216255186611 340.7097282514593
-644.6271787873668 -204.53891736106434
-435.3209949494388 164.52016265841763
-304.7867596057459 76.28057660318488
-981.1082050585034 -240.761500423748
-76.39346408038338 101.01216182079331
-596.696590853804 126.09579534637128
861.3277107871287 684.7045135082708
-996.9101342988496 -16.932326354776038
282.03947425081833 225.1633833307316
550.1179893266293 896.971886590736
-712.3644758245182 -534.8380813056657
-992.5003942930031 75.54505386013055
-638.0715018999003 -953.9769037174244
543.8375682225108 198.14107975510998
623.5720511592997 -279.42696432035973
-717.790581445318 990.8278277396121
-868.888732262252 -80.97350203962984
308.17926967009913 -500.3966235760191
-582.0524373899596 -113.67003809157161
917.7098725112105 825.8223498465334
758.6412672856752 893.5880767739864
978.7339283673737 -641.4337514427177
-218.7849415159673 -177.85267474738475
821.8918189757813 -131.86848941192574
899.6817162308979 -923.0012701768018
-302.414133919513 257.14607307782256
500.21089572571253 237.84813283763407
586.0860350044095 -352.58365965124995
60.168317221240166 -442.69794999018484
248.86895952423572 -516.9539304286075
-115.74394463075244 95.23640620177032
-447.34183902598625 -245.94235589177683
-152.2479267325445 495.9591876927498
-39.41562190253034 -169.26801424725048
-419.01394463378415 946.2970903172383
-782.0994596877613 -483.1841791879972
203.67916600596268 287.01796947399293
885.9740607503754 -624.7301204647293
548.5918031090438 -649.1277633377348
-18.437763197582946 708.0650507676851
440.4720888537903 441.42180176345437
-512.9033599355945 -592.5619053302453
528.0445764580717 53.66180684643096
223.81873187533574 818.3996177181796
185.86707499177214 -908.0784221163971
-647.6939654743596 -435.69625569769863
528.176106490829 -673.6355811315844
111.1919126551142 -316.39641298143164
187.7857820091653 -854.8248179154734
-421.40933077332664 47.13697275318829
504.73097533433855 -454.1506419538295
-26.99606913573693 445.50512986639814
-910.5969693775639 -456.436559522269
511.4955123494755 840.7487092637647
-34.768286565080906 613.3187053693023
167.02721169067857 678.7520226546134
566.1895246851998 328.5080659967157
-735.8685577440691 -877.4109736235065
-822.3828873611287 -555.4734232461493
453.6394356631823 114.72158434074787
-108.6588096653145 -645.9459981444104
309.7030693953393 99.08113990700818
-775.6362833705413 801.8989860431867
134.66196496368644 89.25508703543561
916.5274726260044 -993.4423094227227
759.0774213060386 -506.9836721463372
314.453428081521 -500.59754430773353
795.9138772316599 699.4387555840635
626.7505105113424 321.6456226176896
358.48839629364335 139.7446112689007
-325.6550768550266 -279.7705015991128
-484.3441429860942 -413.7415965762485
542.3611953084046 368.4866800368087
356.60742980631665 -284.6962213249775
-935.0105371792334 397.5916523348499
585.3295682768736 -14.418741012077518
930.2503286660113 -48.0288170761336
-394.37857811108114 88.23397582422076
955.6695929598812 133.1018882511079
952.4658574414673 -53.01735340211988
77.1980693699612 -324.80336186036965
-610.9165648704667 991.8825491858054
-751.0569278005945 -954.425449359884
385.34037502140836 682.5048873972979
415.3373533449296 -160.08018933342382
-129.35308023980195 677.199526971552
917.7514393120341 554.3613651493024
-950.0003633312848 -602.8525035406609
357.436526298091 -745.3234549103047
-33.20161259293375 694.8859499309972
278.5420093001012 376.91821694527715
304.6716056981722 -774.9226165627003
623.1589133538685 -260.0354828733362
406.71486568441753 298.43261148693625
347.5323760018401 -752.1406008182337
439.79851741359323 192.69979902399137
-5.38107636199614 261.10284935406634
-407.5569801687364 624.0872747885309
-303.00904959467425 -271.58491251972896
720.3404087183422 -844.6579242941527
356.7132917167488 -22.57393232024252
99.06944849633392 293.2855251512518
-359.0520400847594 -52.444666201632906
-465.8170987316137 101.64484925912731
-767.5024222308193 34.4949788114246
