1701 127 31
-989 -527
-894 -877
-919 552
465 803
-36 -588
-335 -190
301 796
-355 568
-618 929
-257 239
962 -418
-553 -276
962 763
-80 -258
408 -565
916 -50
581 122
258 -555
414 186
-737 699
909 653
-82 -471
-708 522
847 -633
-632 -342
-624 708
972 -891
-584 -849
-283 -163
755 -669
-269 -205
-964 -291
-638 428
333 868
-65 -611
-863 -356
-80 921
-964 -486
-481 735
306 915
-543 -538
118 590
22 -556
-840 -784
587 -878
947 -421
484 317
256 -348
-466 -617
818 635
423 787
33 -251
-244 -748
-536 -39
646 289
-343 -498
-40 -130
-270 -482
359 328
-536 -802
-792 -795
507 546
116 -186
-485 -928
237 -296
-223 -829
845 -471
-729 -862
782 -612
387 64
960 123
-690 909
910 103
-55 662
249 -657
195 -840
-555 628
236 -852
-167 -637
-824 -570
-948 650
246 289
1 77
-543 -87
-375 347
-338 659
-21 -548
662 613
-895 902
524 -26
398 -556
-974 410
274 750
850 16
-908 -420
826 484
584 955
901 892
198 375
3 296
-258 -697
-707 193
-394 93
156 768
-796 -987
-803 -359
-469 382
-814 25
-709 -451
-1 721
-86 -51
331 412
-271 -41
-249 103
153 -62
-961 -988
630 -881
880 812
-562 716
-137 -929
681 -401
-668 646
-965 -531
698 -436
-896 824
931 0
788 -558
-627 202
-582 493
-889 399
-93 -445
-823 -13
820 -999
-282 362
-427 477
892 -413
-594 -363
539 344
-397 -361
-937 -584
706 -764
520 491
-439 416
399 530
183 -486
923 -387
-472 -743
888 87
280 542
496 594
394 -390
942 -419
877 155
848 825
-669 745
-931 -506
176 279
-963 -282
202 562
993 67
910 -210
-404 -276
-143 -32
612 771
-515 883
388 475
371 363
235 -906
247 -711
463 -248
-919 -879
-349 -586
-311 -17
308 -371
374 214
956 892
302 -338
950 -454
732 -719
289 -368
-804 289
-957 131
-574 379
936 727
-689 -375
-582 -298
-792 835
-572 629
-655 283
444 578
-663 379
714 -807
-5 758
-532 -645
-383 725
175 506
122 876
770 369
31 -446
228 -644
712 -240
884 737
410 -219
137 736
-54 99
-207 938
256 237
334 319
-962 183
371 -502
993 -872
807 727
-72 191
835 -382
24 -301
-9 199
-772 -892
-302 -21
-949 350
-155 -750
-66 683
-590 885
118 -852
842 -327
-360 903
-457 -617
887 -781
973 757
-684 973
300 -628
-730 1
-242 839
-632 464
572 -300
485 -594
589 449
-522 102
648 -145
466 247
-463 439
-81 -549
726 -584
-21 -65
480 -232
818 -95
504 -664
-453 290
-942 954
237 -782
-959 -130
997 -276
249 705
100 -750
-97 -379
-1 -176
-556 -983
-708 -422
-604 830
840 -641
677 -117
-236 -680
674 34
-549 -742
73 758
-396 -409
6 -856
297 -755
970 -479
-156 -29
656 -539
415 765
-450 -589
763 -504
821 870
942 -934
430 -826
-877 616
48 -716
-484 652
-865 -483
43 45
-883 -651
443 -526
419 24
-993 690
850 189
-577 341
-108 638
-3 -132
-787 -375
-440 -867
266 -341
-358 556
25 258
892 359
510 -326
-498 965
224 30
-897 -779
428 125
261 511
403 -39
-703 -65
-100 919
-803 -468
-475 410
1000 90
-909 -366
-874 -103
-926 -720
277 -961
961 -305
705 -351
9 809
-950 585
-637 327
345 -406
885 -223
674 -419
428 299
-329 -962
-611 14
589 -108
285 120
-99 744
-856 847
-11 -681
-388 -44
622 -229
-697 -272
342 -705
603 963
-539 -739
884 920
-658 -515
-429 842
371 -826
890 424
205 -802
207 -718
163 -272
860 -521
-973 -814
744 -192
474 610
-518 -950
-255 940
-80 -180
12 306
758 -409
-377 -220
-565 802
-4 -57
-888 -974
220 37
-555 -639
572 925
543 -719
-269 -726
-714 435
-377 417
930 868
367 384
-829 -821
-852 -273
-726 -636
473 466
-122 383
-531 955
-431 -876
564 712
-568 -338
749 556
80 -625
305 -561
18 -471
788 -844
-846 -611
3 890
-682 934
716 470
545 471
-714 -820
-918 731
-575 806
996 270
-635 334
429 -745
-162 -776
155 -454
-637 -882
416 -754
25 42
-741 -76
-588 576
583 617
-426 -208
-208 952
958 -417
-457 -904
152 -850
432 -709
199 -259
-835 490
361 209
426 -903
-96 771
175 862
401 -656
294 376
935 831
-402 904
5 977
376 298
682 -612
817 550
855 523
898 -393
-190 382
-530 -967
399 197
-569 982
682 -473
517 -441
-898 514
-851 -395
321 793
-469 -902
-941 -687
459 -582
929 -181
883 806
539 657
-258 -824
305 617
-356 608
-883 -203
791 -249
779 396
-989 90
444 775
878 -209
-583 -308
625 -265
114 -225
-621 583
35 880
-765 -721
652 -839
97 -952
924 -731
-8 -295
942 17
809 -764
469 655
677 -271
-369 962
-445 -799
879 576
989 938
-402 720
75 439
832 381
-513 -238
-218 440
-115 -475
-905 -146
-398 -36
-358 535
-569 104
323 722
-840 -141
371 -500
-420 -282
-740 397
-818 765
-336 896
-390 847
-621 -747
-797 807
-628 -408
650 623
-852 312
666 -848
-48 -690
-989 743
289 550
238 544
944 -318
49 -420
-398 754
-63 234
-894 654
-666 -555
-290 458
623 187
667 947
939 627
-867 820
-28 987
631 -523
-403 -741
-627 -221
976 358
-94 -80
-521 195
-802 -26
844 290
687 284
-337 818
-878 542
460 591
-939 -468
-239 767
352 161
-945 -904
-997 939
415 -940
-368 735
140 966
-59 -186
685 -266
304 -49
-665 -967
-513 369
-154 261
231 -434
522 249
708 689
184 -570
-812 -21
787 736
714 -29
-194 -846
-80 151
-730 559
-597 307
979 -985
292 735
-538 26
-218 739
774 210
144 -779
524 355
244 -107
611 -893
-621 519
-987 2
396 -985
-209 28
252 -141
-488 638
-133 529
367 -696
-34 576
-310 908
306 865
832 -31
-902 493
424 959
472 -582
-780 61
-524 908
674 -120
847 -299
-930 -684
-79 584
835 -49
435 2
-802 435
611 -560
-811 853
-389 -465
498 748
783 -360
-618 968
375 -706
-499 -401
111 902
692 -970
-440 879
440 -393
419 843
-857 156
-334 -949
281 257
-786 -457
89 -679
583 -524
-410 967
880 -656
-525 -141
870 78
201 625
-453 -753
836 652
168 747
-647 72
655 507
989 254
-893 617
-801 116
112 828
579 -411
149 -523
-728 711
-491 641
-571 426
-579 229
77 -285
653 929
-448 -977
751 44
16 619
668 -57
-209 -320
163 498
942 659
-335 366
-487 829
219 509
285 376
-688 487
-636 -562
-386 591
-739 747
26 -453
-717 -146
693 -560
-574 945
-107 102
313 -810
119 -808
-320 884
601 -274
829 560
197 987
-67 -580
-155 640
-324 -79
-817 744
-959 1
158 -1000
21 276
898 -404
-459 -994
-917 858
777 -750
-955 -902
-71 -176
443 -252
-433 466
-914 302
-582 197
9 288
202 -509
-414 -825
-97 -123
-164 -966
701 -852
-265 -564
-940 -537
873 848
875 -30
402 745
823 157
86 551
-156 604
41 -895
354 633
775 -52
695 934
-312 604
-993 883
-438 -69
-255 -14
-27 -314
-809 714
-6 61
905 112
-769 854
-890 859
-75 -281
-770 957
658 250
-573 -398
883 -914
975 -823
490 974
582 196
379 836
-210 422
523 -554
-103 -428
957 -901
-193 872
-409 82
-151 -557
-980 773
831 -184
-913 804
-457 762
113 326
-868 -518
189 -553
-714 -315
497 960
944 -431
684 126
-425 -491
-709 -135
800 -846
560 275
253 280
520 -714
-564 530
-729 -874
-311 -803
353 -18
793 464
-885 250
139 325
45 -297
729 -263
-886 192
-434 626
-68 -847
513 -581
-672 573
-708 -201
-501 840
-63 -838
172 -234
441 -778
-267 -188
349 988
-243 340
-650 128
-921 805
-582 678
-310 -630
507 522
-757 598
-495 143
-783 -279
-582 499
-566 759
-901 -938
-141 846
246 718
399 459
-247 -901
564 141
-979 -435
-839 405
843 -32
-580 76
988 -632
-380 711
-401 843
303 -532
977 -892
-710 20
259 730
563 375
-18 654
578 461
-99 -141
-698 -324
353 -898
522 -884
-106 621
-941 -689
-471 456
-196 538
-176 160
-737 -899
-336 273
-356 274
191 -416
208 825
-639 524
-149 -737
260 145
970 -637
989 467
-843 -88
228 645
-697 873
698 394
-540 799
81 159
539 -803
-847 224
-535 -178
-88 -833
242 102
953 -687
484 488
-641 750
595 -832
720 83
-756 -306
-904 514
964 558
505 -168
581 -21
-752 183
551 -814
197 843
591 212
-258 -931
397 -317
114 935
-463 140
-59 273
432 560
222 -990
423 260
-283 816
-653 91
-222 192
-686 -752
210 -698
761 -637
82 -656
-585 809
555 -423
-240 60
-282 -870
-85 -959
-570 359
-697 -612
891 -34
40 248
-487 -989
-120 -645
18 382
-849 -905
103 -5
10 -568
-818 588
500 614
866 936
-897 -554
188 -792
430 -766
913 -153
-907 409
297 -443
222 -858
-856 672
54 -537
-744 272
481 135
128 -39
-304 -245
810 -481
167 -995
-340 -873
-85 -565
12 -623
-350 847
882 -854
-91 -536
138 -289
368 418
179 -504
-768 -781
-968 622
962 -503
955 982
92 69
456 15
-457 463
-487 -293
-143 -134
-294 -840
-217 780
554 739
-748 730
-570 829
656 -740
-698 -773
970 -491
-507 -475
819 -630
336 668
-767 536
-639 -227
-458 -706
-836 178
-987 167
-855 -49
163 20
529 460
-947 -373
-681 -804
891 644
-722 463
-813 830
-532 -749
466 160
-702 318
-218 -45
-409 -509
148 629
-943 890
872 486
367 -7
502 -78
-873 -600
-744 953
-51 -761
-561 -898
239 -439
-532 643
-653 -594
-251 253
480 161
593 -378
-978 625
523 149
-644 -327
459 745
318 -361
674 -316
-129 160
-826 870
-302 -155
-183 486
-396 -664
-556 -603
624 -9
721 -960
-993 -467
-350 -984
-38 230
-654 578
-433 252
410 980
-436 -230
-24 -729
392 293
987 101
-873 227
-80 218
-691 893
-761 -146
-444 41
-962 -134
581 -59
281 -23
-845 -342
836 739
322 -710
-155 102
-712 -259
692 -178
980 94
107 24
-567 -427
-399 281
283 392
-476 469
-668 -668
-94 236
209 -74
573 -816
-170 842
868 -260
-454 -100
410 135
-315 -365
-689 -126
-883 790
-402 153
882 -471
478 604
-311 -112
-69 -502
287 -84
-119 804
348 966
952 723
-511 408
-121 -942
-749 -731
628 982
28 212
-508 -958
332 768
-715 -953
-583 -536
160 -14
910 112
686 642
-402 115
-2 -724
-594 -166
468 -346
-475 507
-180 738
544 481
-878 739
-137 -83
-517 -273
62 -11
-325 326
294 664
-69 326
829 -736
676 860
-818 -795
919 -760
-501 -372
-434 144
-359 15
659 -142
928 -379
394 808
-291 841
-606 885
984 830
-549 -643
171 -967
-3 -5
705 961
-999 164
900 975
602 731
377 -525
416 353
-136 40
-744 478
394 -457
267 -588
421 182
-948 -595
154 373
988 91
-438 610
-59 513
-969 925
-237 993
879 416
-605 247
-175 -408
-4 836
696 77
-95 833
-867 632
401 -899
-235 145
749 -828
205 753
-276 -612
396 -115
139 -257
231 78
550 772
-931 -372
969 -540
-644 -810
479 846
328 304
-8 -526
746 -64
764 -199
-868 -636
-804 767
-736 -913
772 736
724 839
-294 893
434 -484
-415 641
-823 -67
127 -640
-608 -313
-249 -899
-80 240
852 -966
-726 -672
-953 -822
422 203
-460 1000
-356 -876
-186 -482
764 -44
518 650
-433 541
209 -877
638 546
411 934
-916 -195
-18 658
70 -619
372 -657
581 587
572 308
169 -941
198 -82
-561 -646
-214 989
-206 545
342 803
876 753
-570 912
229 -381
-23 -696
840 11
143 538
-880 -741
-883 192
949 906
521 -463
-215 265
-349 699
-586 -178
361 882
-304 -864
-591 -275
-242 522
102 535
94 -478
-370 340
323 -905
550 937
678 155
75 802
-633 -926
-27 -331
-535 434
-321 -668
-672 183
-791 -551
-837 -904
103 124
-466 35
-763 275
-849 -829
-10 -67
354 -294
-625 563
644 -228
144 617
-967 -775
454 -260
-615 -105
903 -966
-536 450
-101 132
-977 534
209 -753
-519 -641
982 81
849 -565
-935 -31
595 -727
-951 -57
-740 -720
81 -838
-528 -615
912 363
806 913
13 -716
625 520
820 189
-336 270
-82 -515
401 -538
178 -610
198 639
-1000 943
-594 -137
239 9
224 412
27 -796
144 -348
206 -697
608 -429
-434 21
-118 832
-287 433
-445 400
87 808
373 959
908 -758
-754 -10
246 967
153 -858
-198 167
476 -117
-650 -46
-718 363
-306 -860
-356 -764
-658 -946
-12 -545
-340 647
-278 222
360 62
-832 137
-572 101
808 -56
-594 -667
-221 -672
272 -457
-68 -640
-289 -872
-499 -783
64 902
910 -314
-35 -651
208 -405
-5 -280
-164 905
616 -244
-241 -84
412 -17
-110 625
-390 -239
-900 -609
-989 852
57 796
548 498
-904 -26
-475 -286
130 618
-191 -181
-974 -194
-42 -169
-389 279
-294 293
179 -594
72 106
-405 -993
-859 -734
-307 138
767 -27
62 -503
889 -575
895 -637
414 -917
537 207
90 -87
-989 534
-547 -194
-556 69
493 -682
926 -890
-46 146
870 -313
515 774
-430 -543
16 -132
411 971
587 -2
-322 237
778 311
156 737
335 -181
-217 849
901 734
-402 817
803 950
-236 756
723 -604
-708 -983
119 -619
283 -490
-623 -686
-313 -126
621 113
949 199
578 -614
585 -338
-521 -109
-317 -582
-171 314
174 664
-679 -172
-765 -199
330 -362
-969 900
568 -463
-843 -372
-795 905
458 -347
361 -887
-360 -597
-639 -657
551 953
-354 -473
551 913
257 -254
-935 929
-555 -501
-195 -303
860 -184
820 -666
635 555
-914 770
-378 -39
-874 155
659 -247
-805 -312
-990 -504
-530 -745
-287 970
-620 234
-252 -198
-80 -884
-814 175
719 -583
-874 -441
-976 677
-864 550
783 -816
-414 535
-938 610
-569 161
-194 -228
-468 -928
152 610
-481 383
247 540
338 74
-630 211
-673 -408
-4 -355
-5 971
630 6
165 769
-373 -162
761 641
-208 648
-150 -827
-662 743
496 -190
803 171
-347 823
660 -425
806 -792
-408 -593
848 -292
827 -617
926 -172
473 221
-646 371
-390 594
654 -747
-834 528
-243 925
778 831
846 -101
-353 754
-48 -942
184 -437
-485 591
727 -615
454 211
-893 836
123 592
440 323
181 -24
393 -19
-277 393
528 -274
722 231
263 542
-509 -535
-732 -978
159 868
-657 -268
847 872
616 748
831 72
-66 -900
995 115
-658 -728
-623 -682
-510 -643
-538 -929
856 742
881 399
-903 775
148 60
-984 -367
79 39
-234 -442
317 815
216 109
-815 -228
-998 24
430 927
-607 776
612 391
443 265
-249 -724
392 -809
91 -804
249 293
894 307
-61 415
977 597
-392 937
-21 501
759 99
-704 144
266 991
-528 -747
-165 -822
148 -324
70 -488
-298 -635
-996 -399
749 -568
-938 -497
246 -60
126 723
477 636
68 249
-837 -279
-859 -799
251 554
-419 -690
119 -48
-153 -503
666 951
-997 40
78 -259
998 33
-291 939
559 -424
-433 999
962 890
-51 643
736 379
512 -478
-159 -398
568 612
-154 -790
-720 -468
-518 -421
258 -136
-59 733
908 -231
803 271
330 -94
-520 -731
663 35
-385 -397
-591 365
-860 454
-407 731
426 -917
-658 -35
454 690
395 146
-838 176
797 -41
-944 -327
-271 -702
-451 -345
965 438
167 -178
-377 -295
-975 -978
-417 -75
886 -164
400 -342
817 -915
856 -22
-690 951
815 -132
-533 -487
-129 -763
-811 283
221 -879
779 -991
-741 174
397 150
-895 305
300 486
-721 800
858 334
744 -809
236 747
-165 -335
641 865
-189 342
492 -59
-321 628
119 949
-644 229
-773 -889
-983 -952
528 556
849 -685
-651 -259
-745 -773
-891 921
-576 518
-469 -457
64 -448
786 -411
411 755
797 -397
-710 622
-650 243
-358 -671
-295 899
-784 308
710 -867
-530 910
324 725
-965 760
-692 437
-74 -394
224 584
-746 251
529 -577
110 -358
337 164
516 -229
360 451
714 -45
-161 -193
599 -768
421 -885
699 746
-259 -772
-91 654
721 -723
-843 -918
-668 -945
-614 -194
-10 563
790 -830
973 535
-843 -347
34 -853
-594 202
196 180
-940 860
-612 985
-914 760
361 362
-611 -103
-3 -521
-559 938
592 -114
-87 598
-777 971
-911 550
-6 -465
682 -491
-539 -956
690 -482
-922 -144
-471 393
-301 -106
-134 589
-75 537
-453 -946
-55 7
481 866
755 178
804 89
-644 434
231 -45
-528 -29
676 -488
659 -948
200 77
-494 374
-69 -998
499 900
246 -748
-695 560
-52 173
-145 896
681 -21
-782 525
-976 -454
275 -841
-58 -852
-986 -744
531 -168
447 58
225 260
-55 95
-380 413
-925 597
627 832
945 867
120 -357
-701 880
-320 -636
-844 924
-779 -414
958 -876
549 -522
71 -890
-883 513
-309 -783
816 -378
339 -277
-42 610
671 -655
767 750
-932 -940
-631 -57
421 -643
230 -962
-509 277
534 -298
-106 659
526 -531
596 -944
-136 899
982 -492
-595 264
981 975
989 291
205 593
-383 845
80 297
-302 161
-939 342
-448 964
37 -368
-18 -58
377 -145
-607 -791
832 -576
3 308
-761 881
785 769
110 97
665 840
742 212
-484 702
-947 -738
515 462
-352 -190
-322 3
-374 431
958 483
932 143
-932 -465
-426 -91
516 -444
389 869
638 -666
-9 956
-454 265
-750 -624
993 327
-953 -510
284 -941
-571 -252
805 -280
336 415
-977 -905
884 -1000
629 101
35 -594
71 650
468 243
439 -549
121 -502
-402 -961
75 -554
-724 231
-645 -560
413 854
-364 -33
284 431
330 -318
98 146
-777 -648
344 637
937 -588
200 743
-818 -42
-378 -267
520 -403
711 875
105 709
526 -608
-560 652
-484 -444
853 914
379 -751
-1 879
-113 653
-220 778
16 -272
