7896 768 17
-915 -47
786 -797
343 -220
-730 -616
-954 392
-531 -369
-125 -681
638 -512
-798 24
884 259
916 -213
-749 38
-658 -124
-646 -511
-836 402
898 854
844 535
238 606
341 -174
307 17
-229 -79
194 984
367 -95
673 -421
908 -548
506 869
-251 -766
-856 423
916 345
215 644
-936 997
970 -382
-672 -946
335 299
-112 781
-634 -401
987 734
685 -422
-635 84
200 -337
-766 626
-650 -639
676 -522
-15 -115
57 -63
752 930
437 -19
250 -813
-358 -840
-767 -204
976 687
-436 4
-425 715
488 487
529 581
800 871
-558 991
422 -279
827 656
756 -958
698 -267
116 -680
-803 -785
-435 26
416 -720
139 -901
-930 -976
776 95
-112 760
-52 -198
131 189
503 -873
-264 671
-632 43
-399 95
-854 -288
121 -865
-240 -570
819 -233
578 800
426 302
378 -374
841 603
-419 5
706 457
-938 577
958 -869
-864 -105
-583 -514
-470 802
-558 567
992 -43
855 -330
534 463
125 -119
-983 -673
-904 833
466 321
935 575
763 720
362 -922
359 509
238 306
-834 -271
344 90
288 -542
-476 299
-224 -203
-672 850
-199 -920
-583 543
622 282
-655 738
370 -12
856 -761
455 320
240 -820
-748 -972
748 -342
428 -814
-31 457
-473 -322
-22 -234
320 -601
247 -464
-289 708
-867 831
-355 298
136 467
-276 -776
409 -163
358 973
329 951
-139 -222
668 771
-222 736
-946 -741
-432 290
-630 -32
144 -845
619 19
-309 -98
296 233
-919 -603
488 778
735 913
184 616
-850 135
501 -857
166 433
814 488
-319 -684
402 -946
-600 -810
141 573
-356 606
541 -627
-176 110
-964 791
-949 499
977 924
971 -291
851 -421
-857 -40
649 -235
641 -19
-41 711
309 -976
-860 -198
-285 323
964 229
931 326
680 817
757 641
-588 522
-270 -478
-420 -673
818 152
-32 -709
-819 -971
427 -609
-763 -788
396 648
829 256
340 42
906 -650
246 732
123 785
585 -473
-856 974
-159 253
564 255
82 735
-606 -148
-18 -670
96 -11
606 -797
823 976
-375 28
-206 102
-903 534
957 -197
-90 -992
839 714
-369 -912
609 76
-623 902
-91 287
397 883
-598 284
19 -486
347 111
-657 385
-136 -564
60 577
533 -109
27 -654
-437 667
535 145
-14 214
978 409
345 431
-907 -99
-665 162
-642 506
481 -737
438 -345
-113 520
694 716
-755 -821
-361 785
-107 -615
-933 -417
-922 -125
794 -242
-408 -617
383 30
223 -955
459 88
454 938
649 -622
-321 637
929 -503
-735 779
999 -83
-618 -557
993 -732
-777 979
-603 -535
298 180
-38 378
685 428
131 -800
655 638
-610 -768
654 -261
-584 -556
-719 424
153 515
671 232
43 680
294 -831
625 73
832 -861
-263 -839
-308 -699
-86 652
302 691
548 -348
944 -744
-615 -179
156 538
-949 -786
592 -167
684 -380
55 -334
553 -658
-892 620
-372 -792
820 583
583 -237
663 354
822 643
-2 276
659 549
170 -831
-689 -520
-310 796
590 507
140 -645
-882 -498
-91 137
460 111
-16 993
-712 444
652 287
-403 -302
-918 401
-286 -390
-380 275
262 777
-864 800
-555 -704
-608 504
883 133
-699 200
-566 155
747 -616
-460 -776
-235 329
999 -603
229 -472
-347 -470
-939 -755
668 370
-911 277
795 61
208 -315
169 896
294 824
498 -412
359 479
-380 -52
102 735
-555 -147
682 -727
-98 -986
-526 -957
-840 -1000
-816 -818
505 -334
672 -625
705 106
-945 442
-64 -289
-825 -871
249 -484
745 846
-769 523
845 -283
222 131
-624 -783
806 463
948 813
-700 521
-340 424
-344 -21
-716 30
-76 -806
-710 -671
811 345
-37 250
963 -80
-974 -421
-427 -713
-443 -464
-288 629
-344 588
-998 -976
-560 905
217 -588
-578 -658
966 -302
114 492
-548 -327
-497 -889
420 -790
528 -115
205 -311
993 -491
602 937
372 -918
655 -969
403 898
315 -179
-581 975
-779 83
605 483
802 629
-869 30
5 -430
-942 -372
-904 986
175 829
-13 627
578 312
-685 684
737 819
45 497
-447 -362
453 -704
-356 334
-217 -473
-166 -791
-41 -950
29 -198
-558 864
-940 -29
-829 494
-184 29
-592 -855
715 -132
727 -69
432 915
-131 -114
-463 -749
869 394
-730 -270
-849 -651
-254 410
111 899
-339 -607
-133 -741
-596 -588
-77 -839
-720 378
59 -281
-850 -164
615 609
-100 -896
-914 -176
73 -91
-766 -386
260 607
696 722
38 392
982 -523
27 -656
124 54
452 -384
874 -859
305 -590
-217 909
-558 -980
-893 -127
-568 149
213 -539
248 -458
831 -906
933 684
600 -359
349 -351
-419 -773
538 336
826 791
-777 205
-38 -165
831 261
935 -393
366 -687
470 -216
940 -449
236 418
-566 903
-819 -663
-400 -704
732 -686
-851 34
488 816
186 -236
-587 -964
948 -94
57 -609
-305 671
-723 208
748 28
759 535
-796 -805
-449 874
679 -210
-482 -511
-271 729
857 216
383 -95
389 169
-972 314
954 -34
-221 339
-801 -804
756 -760
881 -430
-400 -783
-116 603
692 -934
-895 -301
-521 -948
486 573
-79 62
427 717
862 175
-588 -330
-690 436
808 -418
840 918
856 484
931 766
-62 -174
-949 54
-616 682
363 994
435 -903
-107 604
-566 644
525 962
698 -207
-759 789
4 -274
-905 -138
-770 540
-930 522
453 531
864 -857
-151 -23
-125 -596
281 164
127 19
189 331
268 -959
577 158
422 -424
711 -81
431 15
-847 -546
608 -196
-80 587
776 -43
-753 -658
-386 783
113 926
191 -332
-946 672
445 -344
560 263
-489 630
-746 -157
-509 -268
-466 -730
746 -905
-543 610
864 -922
898 -964
-752 430
-172 -494
62 -703
566 986
94 764
732 -189
997 -881
248 769
532 -845
-297 447
890 413
228 792
-820 742
311 340
808 -871
222 -129
-845 918
-283 -488
-57 -45
492 -86
-627 -530
329 842
970 -929
-437 -793
-408 -433
-303 884
893 -166
262 551
977 -507
-275 991
-148 522
-114 428
-433 30
247 181
-251 -676
573 284
-793 292
75 -574
-180 470
804 381
476 -426
321 -198
-322 -676
-696 -214
-38 -1000
272 -522
-730 898
-127 -365
816 681
339 -969
-336 -445
-464 -180
-292 792
338 193
-375 -43
-700 -854
805 -776
-193 634
452 724
733 -711
457 898
449 -19
976 53
214 392
-345 515
-92 951
919 -478
-556 -399
-167 256
195 -531
626 -897
-5 959
113 599
883 430
-556 -49
-447 886
-977 -203
30 724
37 697
685 749
-204 -942
-336 -580
-440 -579
850 -164
275 -624
-371 -575
-74 -995
650 912
-940 -262
271 -143
-317 -738
920 585
-969 -342
459 100
-81 -406
-761 -414
84 760
-237 -759
501 -321
467 369
317 652
-294 -940
384 -924
316 -407
388 -459
355 234
297 374
311 109
930 -710
-412 872
502 -351
963 188
615 -261
-331 -921
-633 251
-54 -853
411 -742
142 -994
-554 171
764 -352
904 154
-492 -761
351 583
-663 -811
-806 596
846 895
-440 -800
-38 -627
-15 253
856 540
-57 -341
-400 -496
924 -374
-626 -712
-9 463
25 -959
-181 430
-505 433
-261 -871
742 203
-432 -18
295 594
-624 502
192 -564
-688 488
165 -942
-950 -323
-835 24
878 288
275 -892
-230 361
149 -170
-169 -875
-513 -938
136 -773
-636 -732
-469 192
445 -198
-795 -19
447 -147
636 -483
-499 -525
360 394
630 72
239 -341
-342 -618
-978 -660
147 -527
-339 -154
482 604
-446 -475
73 -533
956 2
-578 -760
-459 815
-588 243
134 149
467 526
-151 -312
-401 448
-87 -423
984 223
469 -483
-790 896
-285 130
283 -609
-150 924
-299 977
-871 -99
530 -753
-723 803
671 -797
-467 806
476 902
598 319
-847 755
-235 -15
116 -257
-94 478
356 -317
-207 499
161 437
822 952
-642 -897
-206 -823
97 -296
108 -51
365 -623
766 782
648 65
579 954
9 288
-927 530
-601 949
677 803
-422 -5
-116 -577
-133 828
-129 -865
-893 124
-443 -412
584 -799
730 16
440 -584
397 249
441 -486
-788 514
214 255
-479 -551
570 420
-248 591
-105 -581
60 88
535 343
17 -702
586 -881
462 -489
250 112
943 -829
33 162
-269 -891
-92 -107
280 -166
-812 917
-294 -828
-541 826
-167 -885
-684 -116
847 746
817 -435
261 -884
748 -330
471 550
-53 -138
-385 678
849 913
-315 -686
228 -603
-290 923
-840 -356
703 -541
-556 -406
980 -393
-69 -366
-982 -418
242 -370
-413 -792
66 -440
824 -840
-654 -518
-65 -948
-744 47
656 -394
851 260
-922 871
868 -862
-805 -132
-574 -836
688 -284
-128 114
937 -756
-147 151
192 -686
-875 479
-176 776
205 71
-828 -935
833 -39
-635 -582
-129 542
700 280
69 -720
-661 -844
22 640
570 -431
739 -13
-431 802
172 229
-103 -383
298 -378
-641 487
102 981
575 -100
862 -308
-4 -989
730 -159
63 103
-924 234
241 -504
134 27
627 -322
880 -832
-627 -149
-32 -263
117 -32
636 300
-49 105
-480 -348
-138 525
832 789
128 475
179 451
74 497
644 300
612 553
-144 53
-824 444
760 755
281 934
-5 887
735 -582
797 -652
-956 840
794 -510
47 -349
-75 666
-346 -934
-264 383
613 92
-200 -183
979 -320
-985 717
-150 137
-165 145
-480 848
-319 -104
580 -609
-364 -726
-833 -498
131 -393
17 148
-949 -185
653 -374
-226 667
619 -136
174 -231
974 -97
-992 865
-736 -44
602 601
369 939
938 -84
909 248
504 908
-485 574
351 301
998 -139
334 -360
-63 -866
-173 -58
98 874
-752 799
769 530
914 -581
507 991
-433 -931
380 683
-530 294
-921 -341
168 579
292 651
51 524
164 -751
935 684
394 722
37 129
-909 264
-96 -172
-449 487
461 -670
-438 731
28 -451
-690 -408
-405 -295
235 -864
225 601
-284 289
-350 658
519 814
895 225
216 652
-735 -439
928 -997
971 590
921 -29
534 -336
235 -385
778 638
136 672
910 -145
-817 399
-702 182
541 -537
227 127
-657 -609
-714 -931
257 745
436 -631
765 299
-796 -472
984 -288
843 18
443 768
535 -678
-574 665
-681 -173
-898 -664
-885 13
-245 -960
923 200
848 959
-697 84
495 -278
-714 -728
845 -90
924 -98
-866 -311
-947 207
312 -363
-277 -267
158 -630
-694 0
197 542
-37 -95
455 -559
291 663
63 244
-50 -980
227 235
-793 -322
985 804
-833 358
-54 -329
648 733
899 -978
-762 -216
-60 -650
-912 669
977 755
373 857
706 -482
868 -675
-688 -888
-622 -928
892 127
-72 521
-899 -373
652 478
998 -369
164 -51
-266 384
-851 -871
-700 324
75 -570
-383 -811
-752 92
-912 -741
-926 -202
236 -249
742 298
344 715
293 -622
-528 -699
266 -811
15 -948
-878 575
575 -415
488 -527
-827 715
-726 -809
713 108
278 673
411 2
-742 -457
-195 581
236 660
-64 897
918 142
-88 577
-774 -653
-653 -748
609 -98
283 -355
-720 -147
-142 -566
-512 153
-356 -846
-91 800
-590 -539
-876 650
-863 -232
-903 330
-195 320
-888 -710
461 931
3 -838
-141 611
913 412
644 -934
-155 -71
-309 958
-417 866
803 -830
-783 569
376 112
-431 -550
-274 -972
257 -605
42 -610
-447 -873
90 635
-948 -326
602 439
-594 -158
706 842
-500 -109
928 -401
12 76
502 905
-819 -27
232 802
-70 -978
-46 671
535 375
-268 901
375 -112
-614 -312
859 -520
676 870
185 -682
-244 842
686 739
-683 -959
453 326
-205 13
299 133
-946 -670
-341 -597
-44 -368
746 -758
863 -742
547 -227
-391 -18
464 -853
615 551
-503 -326
48 809
-844 994
613 844
710 597
-210 373
64 -773
-610 393
-106 -149
189 -20
-231 -307
664 297
-64 4
336 -157
-92 -162
928 -730
588 984
-583 -879
-846 -607
184 754
420 220
-334 330
121 593
575 -604
368 331
355 348
-199 -473
-371 -957
-677 55
-841 968
-174 -454
180 -280
-398 -715
-17 -901
786 564
991 -989
-695 -645
-757 910
338 -930
972 -945
-443 -785
974 151
-159 -689
184 -313
-237 -367
178 -170
-665 552
979 -617
-971 -671
-718 674
-628 -336
-201 41
621 -252
503 786
762 808
-689 -722
913 -522
-752 622
482 727
-619 -906
312 524
-170 -966
-327 627
-976 775
-956 -646
529 -531
143 5
-593 -273
-174 552
-705 459
-914 -819
-96 -72
780 -307
-114 73
59 -331
669 956
372 189
921 639
355 736
-131 -851
522 97
445 227
-131 -841
-974 -645
-669 -90
930 -442
-670 -150
-734 -231
-370 -252
1 -456
887 293
936 -230
670 194
-35 187
-553 799
-758 273
722 173
896 -734
-884 844
771 913
745 -145
264 -200
-953 45
44 768
-666 -853
-653 -144
-332 156
517 251
-53 -303
-727 434
841 -285
888 -35
569 199
-534 584
387 692
-271 -336
-459 -987
-765 82
653 670
-104 -435
809 458
970 -904
976 -854
68 -32
264 434
-150 -347
-259 -587
-849 247
684 466
-517 -721
-297 421
-317 -219
-578 -336
607 -50
927 713
351 -498
383 321
876 659
-827 971
-51 -25
-749 -126
-945 -271
-971 -551
148 -548
-295 397
241 960
484 948
-762 236
558 -832
480 -180
-223 -724
851 563
-304 -649
563 395
851 -554
584 -457
-296 -719
957 281
-812 -339
-930 -189
-289 660
-240 -766
77 881
-288 -854
-340 -575
975 -2
193 966
-432 -595
-643 810
215 -839
562 -812
-277 29
291 -398
773 -71
-490 187
332 959
682 -836
754 685
100 477
603 -100
681 13
282 636
205 979
483 -328
225 525
524 -325
-938 -639
-357 968
778 -517
231 900
246 -601
-618 974
67 633
204 -34
569 -407
-62 554
115 -250
-414 184
560 996
-742 484
-360 -686
553 41
378 118
885 -12
-139 883
834 -14
-364 -319
-807 296
-6 -668
-31 -726
111 -772
-601 -152
30 937
-314 592
487 -654
264 -330
907 993
396 -855
516 -650
-386 151
-560 240
94 212
501 570
509 -425
-294 793
530 905
-702 -330
956 357
524 -582
-690 584
-197 -981
-944 981
28 265
817 794
-322 686
576 -464
955 928
-390 -256
-45 507
-609 508
-854 847
-167 599
-678 616
-228 501
400 570
789 277
972 -875
217 -411
511 -389
-803 302
834 563
707 -332
591 197
452 61
-992 -934
-865 -547
758 142
-362 805
-579 430
-706 462
-635 893
536 230
735 842
171 -792
682 -728
0 -720
139 277
677 -161
52 -729
-545 -655
154 966
-495 -691
-982 -606
-958 264
-845 850
98 -381
551 -750
462 -645
781 12
657 -864
-102 -343
617 134
406 572
-637 -276
904 -45
-751 -739
-439 172
190 163
-55 311
693 -851
580 -60
312 397
-838 -955
-252 -353
-632 -366
-121 936
-409 29
-489 -234
307 766
-795 324
120 -183
-970 219
907 -656
309 -699
-284 890
-775 -196
-24 -409
-451 -850
-71 -336
-209 -237
-283 483
-866 -646
467 140
-926 -165
-836 -299
379 526
-230 462
-115 321
767 -909
155 149
-9 -330
581 350
699 70
-528 307
891 -403
362 28
-470 -369
-297 -393
253 -426
-437 -584
-463 -220
-137 -575
-894 -152
-454 -404
-203 -112
366 -249
-91 774
760 692
354 865
-825 -998
-654 898
345 585
238 325
111 -235
-143 -704
-392 815
-562 972
-185 -600
-444 175
-134 486
365 965
-707 286
-23 -589
-456 -112
-832 86
-86 429
24 -182
-898 -737
916 982
981 -81
-764 351
-767 639
-568 -837
-118 878
-796 -614
959 668
211 490
197 46
21 -836
942 342
-54 -295
-792 -493
193 168
-713 952
-728 -646
631 481
-472 -16
422 517
-727 -780
-70 -483
607 944
-283 -273
138 -151
-44 532
702 -180
170 -403
851 39
448 -882
260 268
-550 -677
-793 553
983 365
-361 566
982 -89
-159 596
797 261
-718 652
-678 258
-983 331
243 443
-909 959
710 -685
756 -86
-965 707
157 -720
-269 612
879 -100
988 -718
749 -155
-334 -363
290 -305
465 -90
-590 381
-494 973
113 672
-588 265
-648 851
197 -165
-95 -170
968 501
339 324
-130 154
-215 -755
548 -716
-375 -767
-199 324
-119 -316
339 960
-701 376
-743 925
-155 638
-851 -309
-969 -458
-558 771
881 -991
81 419
-443 -931
-774 518
699 -359
-475 -334
339 685
577 -836
200 136
772 -532
-145 529
134 513
494 -220
-70 559
816 -685
184 -598
337 143
254 -739
-883 943
-505 -721
500 870
704 330
130 -250
211 130
-260 -827
349 879
635 470
249 873
-992 -474
333 213
-148 891
-40 490
173 47
-953 -82
-703 -642
-302 695
-547 -610
867 -84
-32 -38
344 245
-456 234
481 -827
-360 552
-507 -975
9 818
643 874
-349 -554
-717 199
996 -177
-373 306
380 476
-123 -669
974 -956
313 151
-260 -345
437 343
-462 -359
-177 -270
-382 865
-305 828
-835 411
-802 -134
-364 -765
709 445
995 -286
690 -330
-760 54
-752 -394
-18 -579
375 448
-143 868
805 -969
931 -754
134 60
-802 207
345 83
176 -774
-696 -117
-618 274
110 315
362 -440
-227 686
494 862
-992 -918
919 -989
-129 -117
156 423
-158 -352
196 840
212 907
-833 358
-855 -208
-250 -370
600 214
-340 -880
-222 297
567 403
-561 -677
713 -598
-357 -855
808 -283
701 -117
288 189
-52 967
946 242
717 676
110 -445
-734 -636
506 -619
800 -21
-220 604
-846 -745
578 -236
-592 226
904 -761
206 828
-693 -979
-974 -17
365 -339
312 616
847 -212
610 -43
438 99
-637 17
840 409
32 -467
677 520
37 -254
-46 -610
139 -552
-692 -544
-58 -551
-889 349
-756 -639
840 356
146 -891
-423 -161
855 -198
-101 553
-22 -68
-387 -76
940 -236
-151 364
45 -911
-28 -405
-121 -872
726 -347
640 -354
-813 -111
33 84
985 931
750 -559
-298 -89
441 596
562 -608
462 -444
13 -604
773 -292
894 -903
239 619
600 436
-355 796
-418 824
-185 99
605 768
-906 974
127 -463
299 282
614 361
-168 -876
420 93
-902 -766
41 769
710 24
-522 -217
-1 -807
324 554
510 545
227 -771
-300 -701
695 916
3 283
-412 734
-551 -912
817 679
884 -583
338 -374
-972 870
-727 661
-592 -24
449 803
-97 205
884 319
177 -37
252 -764
161 845
-929 -27
562 157
-102 -323
978 -239
938 -882
906 39
-57 628
-966 -654
626 -375
53 360
898 -191
21 -505
333 -826
30 -1000
-774 897
823 482
374 522
-205 41
-390 656
314 78
-502 695
144 315
159 -702
232 488
525 -686
350 438
-422 -726
-118 -754
-224 249
309 674
-2 808
36 421
-208 -139
-912 -3
-570 184
-306 -117
-633 -668
-461 449
-999 -573
-407 -306
212 -372
-249 -776
-6 778
-598 -221
270 71
628 -276
43 -427
349 149
-293 392
850 -848
380 -788
-814 76
-256 -603
714 -45
262 417
-541 -450
62 43
-911 287
-858 -664
345 -727
-88 -996
-393 -427
648 922
-257 -153
-825 -34
691 354
587 831
-985 890
897 581
-219 484
949 985
926 -695
787 406
-683 -776
-779 241
-707 883
551 -31
-54 -703
-260 -783
-610 -298
550 812
813 817
-598 -954
-438 468
-968 -73
-917 -757
-434 475
-387 -478
-730 580
-502 190
-820 -15
-977 -923
-315 -622
-415 -202
827 -730
-33 781
346 -964
-975 142
725 -349
288 625
-941 855
-759 -928
743 -970
-309 -720
393 -848
-26 928
-194 -971
816 -980
305 151
-881 10
703 423
738 20
-97 -30
973 177
776 676
661 -748
-253 -715
-307 -550
-35 241
904 503
660 -416
643 558
332 937
-522 477
167 -870
869 -954
-636 -746
-344 -86
-241 -543
-611 -480
-857 683
-401 -982
-524 -72
-536 944
-532 393
616 97
472 98
-77 -210
190 666
-726 -159
487 93
-146 -337
843 -658
-119 965
-590 -362
525 617
-242 896
87 -908
-796 -608
-216 -355
-313 875
-627 224
-922 62
255 -878
130 -433
-686 -119
-67 -172
-614 59
229 163
-962 574
-987 -186
464 803
-638 9
-609 946
-51 -816
-86 -653
-539 541
448 589
858 -659
-79 -390
-439 -962
-183 -301
304 -106
-199 -202
773 964
141 721
-949 819
946 648
-609 305
150 191
156 -373
-158 -658
-257 -646
-29 242
-958 323
-645 -329
889 -543
-580 540
-310 -406
-772 -407
-682 -287
-231 -147
-331 -820
463 -184
974 -132
-352 -559
29 -30
781 -481
-505 -622
697 -539
769 829
432 -332
876 -341
-585 200
951 -313
-157 478
-354 819
-306 -479
-763 355
376 647
524 401
783 -25
-407 956
-570 494
-120 884
-490 -341
-895 -915
-838 161
-384 -756
579 443
452 -147
-564 -317
934 -534
621 525
-291 -555
513 693
-432 535
-460 765
87 -605
192 824
-383 -429
-515 165
149 186
-673 -165
-335 364
-600 979
-107 -275
926 811
82 349
-735 968
-791 -940
161 813
622 671
-602 -778
110 44
-6 629
-59 -234
-797 -985
348 571
-872 694
482 35
317 -190
439 -197
581 981
281 -541
10 -561
-404 320
762 -896
-157 744
-536 730
828 130
650 -851
54 696
666 -371
274 -643
698 234
779 534
-467 -996
-136 754
-215 134
-253 -431
-401 45
-401 918
330 383
707 -357
660 808
148 -67
-302 418
377 -894
-935 -32
-62 -169
764 -614
625 17
481 -648
-229 -877
914 475
142 289
693 939
826 760
-957 106
-453 -516
896 444
-553 -968
283 -376
-305 -220
187 -280
-946 -581
-722 -240
-437 -943
-281 715
-711 -496
725 950
737 -63
-90 -336
632 -797
633 -298
-862 78
93 -123
318 -765
-528 445
594 -446
343 -621
-830 375
-423 -308
-587 64
-566 709
605 521
-226 -772
464 -889
71 17
-182 526
816 405
769 403
576 -235
782 -238
-646 -239
119 -820
972 -189
779 380
434 -937
254 718
18 129
-823 -316
-165 -69
-508 -857
-991 542
167 655
-845 672
-631 -890
553 256
939 -222
629 -519
791 458
309 -665
-173 610
-62 -920
663 -370
851 -335
-816 145
-535 -513
135 -597
611 -163
591 -882
-733 278
957 10
686 351
-59 -911
80 536
718 -848
-664 571
-885 -964
941 440
-22 477
203 15
-50 760
554 -590
-956 -645
-545 -778
939 486
622 -93
-401 943
291 100
54 60
388 829
-577 799
-556 564
-808 -965
-160 -421
771 -118
228 959
-957 -568
665 146
-441 -440
-268 899
-968 503
-507 -47
-977 624
-6 -941
859 -945
-761 948
-906 -259
-303 -327
-391 -461
654 935
-72 530
188 38
75 -275
495 -962
126 -853
653 -446
-456 -84
271 127
-390 108
-530 170
898 -248
590 875
819 264
-645 430
432 26
-435 -801
567 157
838 -163
-778 793
-55 560
154 390
7 424
7 998
65 786
857 696
207 798
413 941
-118 413
503 830
260 -343
-533 707
867 -462
-25 251
-173 363
825 726
-323 301
90 23
140 -258
-178 -977
93 310
-11 -913
128 -878
333 765
911 -117
610 316
-713 763
679 429
166 715
-519 -580
-534 255
-14 146
663 184
-280 737
-7 -924
575 372
123 -27
-336 858
270 -825
-858 614
445 -763
-380 243
871 -951
-934 -598
-529 -637
-738 -108
-743 -941
-586 -138
128 -10
487 -873
213 416
666 -226
597 -838
216 574
694 -916
-221 -563
-514 -186
-852 -183
78 633
719 -699
80 975
355 102
965 -274
353 935
-247 -49
-295 19
-219 -476
-918 993
-989 855
-446 -84
-232 -749
424 391
-584 -140
-576 971
396 -332
-406 -290
-403 -114
-556 -748
534 -558
613 -331
-842 -148
639 558
-13 -329
103 911
-892 -852
79 137
-411 -119
-445 255
-255 96
344 468
311 841
290 -530
-345 -435
-234 -934
796 -302
544 820
975 722
-66 227
622 -356
62 -478
163 -535
-657 -175
-955 -551
-564 411
553 431
-425 -124
394 -811
111 708
-955 -252
-437 222
-134 469
945 801
603 -429
-937 357
32 358
83 874
-69 127
989 699
158 -338
-174 -443
768 678
-478 447
-77 871
79 -297
355 -8
202 676
-494 -448
-141 451
441 -110
696 608
-168 -96
-611 -150
422 -427
-1 206
787 899
-786 591
434 969
447 -838
-206 837
413 -32
644 -437
316 432
641 112
-63 617
-431 -37
204 -182
613 -389
-226 501
-101 -212
183 -244
-348 587
-731 -598
-374 -137
-128 670
115 413
-31 803
-102 -867
704 -382
215 -941
-760 906
4 664
726 527
-728 341
-596 -975
-214 -926
-363 642
616 652
-283 462
-412 -685
847 845
-611 173
1 -791
-948 -908
428 209
539 779
-178 -933
154 -443
51 356
-325 -220
226 -94
-150 307
21 -49
-138 496
-912 688
763 -175
232 -510
21 -584
-65 317
245 790
470 254
-845 340
577 228
-70 37
8 493
396 -382
87 630
-141 -271
-904 201
650 -463
-304 470
-371 -597
-497 838
-297 22
-488 644
391 -144
-342 -43
-145 -722
-290 105
-186 115
-865 532
-798 -690
954 -677
-513 -948
20 424
444 -843
-11 -155
-548 -160
942 -655
206 -354
940 511
137 -668
713 -779
-758 369
-630 0
-355 -570
-541 -565
664 401
-945 828
-894 -936
-262 -189
-914 -546
24 123
-435 771
486 -658
-356 694
451 274
331 508
710 -269
886 -599
754 902
-156 -825
-557 722
-897 -291
-340 -61
54 889
-935 52
132 -652
-947 -346
-949 953
-191 -144
-631 335
261 -870
-960 552
-64 20
312 94
488 -380
593 -674
-293 -741
979 -312
668 609
128 611
-800 -505
280 958
615 -520
637 -13
-893 -458
-163 -616
128 253
-117 -134
549 -983
215 734
276 -501
463 -830
943 -252
446 -11
-705 136
481 -292
669 -284
-914 -286
559 -298
963 660
831 836
-46 160
542 822
661 612
68 -606
445 -869
-347 791
-875 121
592 127
962 -275
-821 -76
-337 830
-241 335
-867 -735
860 771
683 -802
-445 70
201 -678
-736 439
-182 399
-707 814
-385 -104
-46 350
450 407
-717 949
23 -191
-929 595
299 146
-153 403
941 747
892 -956
392 -670
545 -655
-974 586
390 593
-339 -949
-224 -860
897 -415
433 -90
492 487
296 -611
-534 -662
799 -896
360 -710
951 -252
526 741
-217 327
-897 -175
339 927
-280 329
852 -679
-453 -260
-972 -479
-378 -919
909 -957
-881 -164
-180 -39
479 -42
-962 296
-317 912
-627 816
-659 360
296 -589
-588 -3
-980 -316
897 -885
372 -130
200 227
-885 -108
-769 795
-443 197
-746 -413
-889 165
535 -741
-757 636
-350 790
-587 885
79 -168
535 -130
500 -411
241 899
448 -67
-870 -12
815 947
17 -892
-375 -220
758 851
982 -407
-190 769
-328 -291
611 -296
-960 891
966 -242
751 855
104 -147
-80 193
-952 813
11 451
-557 -644
814 747
25 -128
476 -513
-565 711
-826 24
-157 926
554 -505
-523 997
-169 579
540 -972
-153 -205
619 -166
-507 -631
678 93
-664 -410
48 -656
-208 -921
629 540
387 200
-395 894
-110 -540
-795 -968
-855 719
352 -387
771 682
203 872
-871 314
268 -423
-463 -139
-30 -7
-941 -879
740 946
-323 547
38 318
798 -547
-55 -934
549 -333
-318 -715
170 191
60 865
531 -125
364 54
511 918
-777 -84
928 -79
142 -863
-693 875
171 720
978 -883
923 40
-979 847
-530 27
-496 428
887 822
539 908
897 -894
-420 -513
-381 112
-214 230
174 -319
351 538
973 -733
-161 -790
892 -786
56 235
-760 -439
795 -903
825 -1000
-401 -110
726 746
969 71
761 116
-569 587
-400 -381
65 869
771 671
-18 -283
291 707
212 551
712 308
-710 -359
538 -962
-5 -234
174 142
932 -694
969 978
-842 817
-795 -283
423 601
175 855
921 295
-309 325
-95 -525
19 -848
192 -425
137 714
-754 -440
-626 -65
252 344
-735 985
781 72
296 -342
-712 103
-596 -75
-293 -437
29 682
-911 42
-678 207
715 954
632 184
-764 -86
351 639
-866 -839
155 264
-123 -429
115 110
91 -542
-312 576
-208 497
-157 -507
425 499
536 526
-186 -930
617 780
-276 -686
-920 -90
-954 293
-390 -766
727 884
-59 -674
143 -509
-259 316
-953 875
-868 -887
-19 610
849 973
-916 -111
725 -456
51 -100
339 -76
-659 554
518 -983
-371 138
-842 -310
-732 -834
-388 271
130 -423
-444 132
-273 -937
-199 -222
70 925
-312 811
941 -700
997 -339
-866 -636
959 377
-839 156
994 686
102 657
-278 101
201 650
-615 -278
-230 -832
826 574
15 -972
-555 494
-697 -780
-779 -276
791 83
-220 496
-301 -565
283 -242
-481 954
877 341
-829 -886
887 -32
-597 -523
94 -454
884 -203
270 -848
970 -629
-728 702
-857 742
426 707
437 -822
-780 -258
-95 -573
-976 488
-573 276
-261 437
246 -903
426 255
-634 585
104 -536
-242 286
-778 309
358 -510
354 -521
-284 267
-979 828
-527 535
-375 -364
734 202
239 -247
-64 -13
775 -287
-879 -351
-467 815
-886 -328
676 527
810 -363
64 358
-92 6
-720 776
-764 -330
553 804
-280 293
58 -940
953 999
311 -823
630 -177
-193 -827
495 -229
679 717
-686 913
-264 300
-727 -480
763 454
-811 124
967 914
-18 -542
-58 202
-110 543
-514 -688
-324 -807
377 -531
-988 -765
959 923
-936 378
332 -871
-722 -613
-860 -996
-696 -682
-687 751
-139 -573
-964 596
-750 -793
851 -847
-463 -927
580 629
-891 -970
251 -948
-695 515
865 345
-754 277
-7 -175
-598 92
-966 544
237 -225
66 -734
-290 141
-907 -26
-24 -813
92 -594
-138 450
-117 632
-681 621
839 827
-521 723
130 192
162 -710
355 381
794 938
240 619
-689 -168
658 -261
-853 -1
-868 -583
-19 -837
863 -33
-6 674
-914 748
-654 824
-49 -36
-169 -311
443 721
-205 653
348 -161
829 -753
-840 -609
-644 63
476 -134
-668 -312
556 494
525 987
-416 -373
304 -775
-525 105
907 298
866 -291
-468 157
941 -140
-215 -875
227 -638
-191 -49
719 549
548 -592
929 513
80 764
-995 -83
-484 658
212 380
756 -728
-190 646
431 -148
-215 -433
200 895
-272 692
-402 747
-688 -544
173 755
343 411
709 -383
-680 868
491 -676
929 550
-390 -790
-762 -374
53 -830
-345 -122
-777 -104
686 477
-673 -758
-809 923
929 336
745 -633
-2 -352
267 502
-545 -631
507 823
45 -877
-94 744
658 -113
-562 64
450 -709
-970 -698
177 426
886 515
234 -628
-648 681
281 -593
-560 -859
-378 935
-346 -12
527 607
-638 701
30 482
431 139
-106 740
-863 40
-675 -951
585 -215
126 -14
-228 778
-934 -585
445 912
115 -833
377 364
-852 -939
11 -419
-759 31
584 -504
-40 376
-828 146
-271 -511
-46 236
872 -968
-951 1000
-840 81
488 260
564 -622
-409 715
-437 282
309 -149
-551 -315
-358 98
-165 8
113 -650
152 -21
710 -817
-370 -710
-811 -565
880 165
355 -631
-931 -921
-899 -498
386 270
607 -911
-91 805
857 -764
930 -727
-352 433
-917 324
-106 487
-169 -882
148 891
917 -587
-261 185
515 -996
784 785
-984 609
831 288
-112 -243
151 -339
448 -291
383 -32
155 247
-501 262
-154 -144
806 640
-839 -368
-616 -519
41 -767
484 170
487 719
-471 -728
580 -123
100 564
247 -946
855 831
-658 -667
661 -885
647 831
993 981
579 929
940 -922
-830 609
810 -878
-750 245
-655 -788
904 327
239 113
196 -519
95 438
-729 -993
-164 -218
369 -460
830 811
268 675
-373 392
15 564
-205 942
302 642
-258 -228
-583 325
577 844
-35 588
69 973
-346 550
-187 865
-999 523
-51 384
-840 816
-794 -359
562 89
593 197
701 329
-878 -4
213 -372
-723 -627
692 792
-155 166
52 -926
302 188
-916 516
-963 -805
-137 828
957 -201
-598 -873
-893 866
-633 473
239 318
-66 194
809 259
-415 -60
96 -316
-647 -811
-668 262
-663 -38
-717 220
896 -813
-241 -920
635 252
297 -749
-684 578
680 -45
473 769
-484 692
-548 161
-954 975
-295 -468
528 13
-313 779
893 417
109 -963
-317 -134
-527 128
934 -888
-770 -841
275 32
535 39
-186 -420
909 754
708 859
-835 319
-82 651
-206 -279
178 186
792 -438
647 858
345 -830
632 721
-612 691
80 -320
75 -234
326 251
-977 -238
-297 284
304 499
583 -571
390 -809
-511 196
354 993
819 372
802 688
811 -768
-237 293
-390 785
-499 -914
781 428
-857 373
5 -910
135 647
-147 -126
-821 -590
-396 124
646 -901
710 713
228 -627
-898 -678
413 -453
-630 929
955 -751
722 72
-218 -900
810 -282
347 798
525 731
209 362
443 -164
-814 -35
-3 49
-1000 370
5 -207
393 -756
-650 -43
464 954
702 -349
-842 -44
440 615
966 -659
-602 731
111 784
841 88
517 171
307 -258
936 -549
196 -147
760 -774
185 -752
-140 249
939 747
-851 -98
-334 984
491 -560
207 -366
-25 -988
-691 119
-991 -391
218 613
-461 -317
226 -472
-827 577
-813 -406
-498 404
-95 -181
849 910
-888 -103
-837 -770
-969 544
-465 284
-335 -706
536 -535
352 16
112 49
-330 639
-517 935
124 726
833 -660
414 489
741 634
-288 732
-484 675
-667 -206
322 -16
-532 713
401 60
640 94
-976 402
-727 335
800 95
-577 888
-655 -674
-36 -816
-58 -462
875 -568
776 722
-39 806
928 553
104 -484
-191 874
180 -181
109 789
-496 925
98 873
189 214
-163 -999
228 143
286 890
703 -739
670 341
-258 545
-975 942
182 226
205 -927
636 112
-486 -538
148 42
695 -223
50 -404
-26 936
713 498
987 615
-499 -865
-658 -764
492 -867
840 -778
614 588
-995 45
854 -313
890 -330
819 -933
668 677
532 966
-416 220
286 32
393 -108
-431 -699
166 17
-428 399
-801 479
-928 -907
27 150
122 185
-456 933
-428 83
226 946
629 664
-687 -209
618 624
170 704
-401 951
-551 -963
204 -313
195 43
43 -155
-212 69
695 19
-503 820
-712 421
468 578
441 -660
561 407
-23 182
29 908
116 -741
-17 461
287 -181
472 -926
595 -984
-612 -191
-914 -540
-125 497
639 54
-204 -440
-115 77
-881 -744
821 960
936 873
633 799
67 793
-679 900
917 -231
-483 -815
351 -466
-915 -519
-706 -916
-824 -135
-727 233
-565 -82
977 -976
-228 -469
745 810
-928 184
-168 -552
-167 975
-857 537
-539 -802
-588 67
553 390
-768 743
202 -636
-276 -199
-137 -474
140 -170
779 -345
992 -789
802 -375
424 -376
864 -146
-225 893
898 297
-492 355
-639 589
652 -464
-264 844
98 400
-570 953
-739 784
-598 174
93 -475
450 273
448 -365
-639 791
714 635
-552 -719
-46 206
-393 -216
-962 -415
-628 203
786 -711
-583 227
984 -685
-344 584
732 905
-578 387
-442 618
-347 1
632 -152
130 -92
631 857
-965 412
773 -101
-658 -439
-252 -443
778 364
-372 257
436 -530
-587 -892
353 965
276 -632
826 -719
-833 -272
707 -356
721 -39
-953 -977
247 449
-547 343
8 64
235 -728
-980 484
-366 136
-972 -749
-864 762
-487 285
610 -498
0 -423
725 864
710 34
-986 -526
-22 493
-384 384
-279 482
-177 416
809 686
-650 982
-524 -945
367 -135
-702 604
-826 452
116 75
-465 945
-778 640
-862 -743
900 452
73 -600
201 -722
-327 873
-991 939
-486 650
764 224
-267 402
257 876
372 -313
-572 -144
-888 -752
-556 -213
853 979
370 884
695 179
-251 600
316 -340
-293 -491
-878 -509
768 -814
-597 650
350 -310
857 -856
-359 -426
-771 -37
382 375
132 -577
-297 -895
-566 -434
216 -601
996 -988
-581 -252
-103 78
70 -268
128 -615
739 703
-799 369
982 271
198 -59
-586 248
-100 -747
958 163
321 -179
-275 685
887 711
-348 14
231 245
90 -618
295 65
-738 -768
-675 486
-17 -456
-554 20
-544 315
-406 355
711 462
479 29
491 440
-857 -662
-63 -874
-510 -131
382 -280
-642 910
772 -803
957 -282
106 -920
-669 -261
-492 -4
-420 -305
-184 -850
111 678
468 -312
-896 854
-461 -736
-873 190
-933 24
-113 781
-587 164
318 -161
-477 -713
-611 -801
594 944
949 847
-437 908
887 613
-743 36
939 -808
-514 436
426 994
-774 -283
-920 951
-627 -135
-37 -785
209 33
759 -337
296 923
907 445
-479 128
-292 -399
344 126
277 -568
42 -168
-263 -868
190 588
-445 361
-94 -360
-542 -164
345 153
238 729
-191 -676
400 -983
-288 222
-489 -835
-546 -796
-130 -87
-328 62
559 -50
-763 -370
-299 -442
-730 282
-327 450
-677 635
-223 289
-601 -329
755 -945
-292 800
840 -40
-580 -861
945 -890
-91 -307
856 -282
-987 796
471 211
789 -499
-549 -504
-885 622
280 -875
987 -468
451 377
-361 888
674 926
-423 244
-930 467
240 -293
-172 352
562 113
-503 -285
819 -222
980 931
666 -349
179 546
36 99
163 792
448 168
-889 777
-99 -493
134 -352
-743 528
-581 -679
797 193
812 509
-794 510
-386 -42
-794 106
976 966
495 540
246 -917
-973 395
-935 -940
882 -352
764 138
-271 761
-672 -569
226 249
-816 9
306 419
751 789
-621 -506
304 893
981 -303
350 790
-681 -372
-688 271
618 893
638 -750
168 215
-492 -612
733 585
-915 -175
368 619
-642 265
-257 -401
605 684
935 -603
-549 552
182 -874
-666 -427
-723 66
977 45
34 -605
96 -552
635 289
26 931
569 567
-721 653
-235 -910
330 651
-88 -858
-971 -48
-557 -566
525 420
-27 -619
396 953
-786 850
-977 18
-669 -866
-611 -549
-305 208
-521 -603
642 -384
577 -933
-119 945
-355 -956
-53 -469
-767 -781
-918 943
-246 550
-504 -816
488 697
-208 -195
57 -258
740 932
794 822
-324 -685
887 -862
-911 783
-729 522
-486 682
-631 977
146 -498
-977 615
-981 -649
-143 789
-247 171
-825 -374
231 -56
-877 758
-156 846
-640 445
-668 -45
-861 657
256 -693
908 417
879 -282
338 117
818 -567
-725 -883
-199 -862
58 -984
-152 -753
408 -191
-288 -394
668 -268
-114 23
-694 652
-510 307
955 936
304 -506
272 -66
-825 -435
-179 -514
57 933
-939 -482
-194 -477
-893 -627
129 -936
-299 798
-993 723
-155 -559
775 191
277 -417
-505 -790
-599 222
398 -567
503 530
691 556
47 -547
-158 417
235 468
650 996
-856 -532
-947 -624
50 31
282 11
-750 -703
-796 604
401 -627
608 -181
892 993
956 403
706 -200
-438 486
798 -974
503 -182
418 204
894 -752
-33 250
-509 565
-51 -843
436 993
71 706
50 -523
892 465
672 55
535 296
667 -830
-253 319
-499 -54
451 640
-589 840
-508 -303
-529 -50
329 866
571 -610
-179 -862
690 631
-825 -847
-502 -696
215 -968
-935 351
-917 505
250 -159
-166 797
-288 -409
-604 374
366 228
467 -523
-985 -787
764 940
910 932
758 490
-341 8
908 704
-126 -868
-660 -154
974 784
-903 -579
-1 -353
-563 -341
-824 -214
675 58
946 -150
983 -545
446 -651
366 461
-731 35
312 755
663 -537
-137 492
-571 420
-802 127
-913 352
-946 -683
-295 -881
-271 -492
-600 -217
-170 184
-513 -500
502 664
-238 948
-500 698
-708 881
443 -635
-25 -775
-78 60
888 -380
582 -103
667 -990
504 -905
-966 482
413 990
876 814
20 -453
891 98
856 535
485 -465
866 764
-923 -200
-715 645
979 -743
231 394
-323 -424
575 922
240 -345
213 600
-813 316
590 893
685 -397
-994 -511
955 744
381 -41
63 201
359 94
-308 810
-745 108
309 835
226 94
-138 -582
-357 -1000
127 113
928 -498
-795 867
444 -528
-931 516
21 -865
-389 -251
-603 -280
103 67
-125 -282
452 333
227 683
9 989
-277 -229
-68 510
497 -539
-90 531
-887 862
517 353
214 700
285 604
-903 -809
-562 -488
-817 456
593 -315
947 184
-113 623
814 -467
-955 216
626 449
-676 928
-718 -333
708 -983
738 740
-1 -308
-815 37
925 134
313 -54
328 -455
72 26
667 663
-184 -579
-674 -710
-756 -823
-328 346
749 -988
-453 830
345 -365
-30 567
281 -273
366 -768
-627 90
612 -231
967 -756
634 176
-59 728
486 68
-543 298
-316 172
466 -732
818 825
-91 504
436 -294
-432 -484
417 -543
602 923
585 -784
-40 979
918 606
-139 -730
-596 -189
852 390
-817 81
-41 872
-112 42
740 -665
37 492
682 637
-616 -328
483 -217
7 852
581 -10
168 906
-793 415
-137 455
-755 -873
-510 325
194 -749
313 -920
938 679
194 123
17 420
96 345
956 836
286 -763
-552 -940
-751 -342
-780 276
-266 -208
-77 -430
985 -654
11 -589
229 883
-767 735
814 -449
-339 658
-327 627
980 -424
-522 770
233 807
-903 614
-108 747
717 784
610 139
908 -391
427 475
-970 215
682 -275
-319 -152
-926 661
-355 -74
-374 567
-462 -484
785 429
-70 -159
624 281
584 -149
-89 -133
-490 -294
631 -615
-826 116
-460 -771
264 -255
-951 917
-321 -896
1000 -59
824 -589
-741 17
-890 -645
67 -875
573 278
77 256
-877 887
668 169
178 654
-80 98
842 -759
-291 -527
751 179
-66 724
159 -844
-318 -663
-699 -152
768 -899
-366 -536
607 805
0 -162
86 690
568 212
-370 -294
-925 -805
-390 -375
534 729
990 -760
-901 313
854 -864
-172 -107
17 566
-235 -88
-809 -551
-457 55
658 -879
-197 -193
-843 18
-244 -256
-83 -987
915 -86
999 -674
750 -121
585 605
-605 881
-356 110
179 -195
-737 191
129 330
495 572
200 -812
288 444
-253 -785
-32 -471
570 106
-752 -745
863 128
495 746
-652 204
-695 525
609 953
700 799
-567 711
60 -322
96 -356
353 -749
896 105
-149 526
-665 -789
-228 -161
745 664
597 508
375 32
-275 356
634 -631
-867 998
-959 -680
-641 -291
-758 229
-391 -208
-78 989
-462 -212
104 502
-439 -335
-126 -647
-75 -10
378 628
61 -927
-737 7
858 -287
-125 377
-501 755
-610 -613
-693 -211
159 140
-186 723
681 430
-862 -314
-29 -936
-839 -377
-461 -212
410 -833
231 -345
33 -620
-441 753
-708 -645
588 -472
943 422
161 340
81 769
-125 937
689 386
935 -622
-686 488
956 244
57 459
-29 120
-234 932
239 636
762 380
370 -211
244 564
419 -425
-318 -448
266 475
356 -389
-235 594
-159 696
-794 -562
-299 -827
-931 667
-263 983
613 -173
-390 418
-38 -36
863 75
-57 -721
514 -716
-829 -698
370 682
-958 30
-905 -589
-126 -645
-263 823
-99 745
76 -558
864 -438
780 -303
491 625
-93 231
-44 -213
42 -993
-506 603
495 -630
202 578
25 850
214 -357
-492 -324
44 -527
-44 -71
120 113
457 762
-475 261
405 -249
293 760
771 -537
242 -367
868 403
-516 284
298 -108
363 975
344 -892
-394 190
-436 -467
858 304
695 199
-429 -980
-103 -95
82 280
-509 -614
-9 825
-113 -845
-875 -759
206 817
-46 -713
-59 -124
817 -656
-914 -892
-376 -795
-554 758
908 -111
-949 -101
-650 -644
199 -697
-102 354
-418 864
-273 -303
-957 600
-345 -346
727 -981
-493 -74
809 467
844 -892
-592 825
151 -746
273 297
-6 -143
-685 878
-193 303
15 -611
766 -488
600 117
-52 602
519 847
-50 -896
-276 604
-824 721
-507 727
169 -715
274 -529
437 -768
-338 799
-25 156
-804 -588
-329 -831
-760 -771
828 182
-550 434
-163 595
-406 -890
-970 -896
-810 657
279 -454
19 129
294 -4
-265 -243
872 -190
-711 -564
907 785
281 -428
-762 878
-671 -248
-589 148
-839 -21
400 -644
726 -565
999 -891
973 150
704 -498
-754 -490
614 -679
-813 529
-883 480
105 -849
-395 -911
-997 301
-117 -730
-296 438
114 -980
-308 -913
682 -376
623 389
618 702
-65 -983
924 -447
41 481
201 -777
239 -620
-252 -484
-476 13
-54 -158
-30 -656
-764 675
942 642
994 -706
823 -563
893 4
342 -619
-555 -180
-612 -67
178 -431
977 351
270 797
220 -57
-468 929
-70 -323
-787 179
695 -667
-269 -764
-542 611
-786 733
148 -678
-572 141
903 585
-324 1000
-333 -530
405 -510
-893 343
-268 -322
847 825
346 209
558 996
929 -387
447 403
-347 105
-104 861
-326 -36
215 974
586 689
604 339
-653 -775
-14 -33
307 -585
-442 -329
1000 641
-575 -930
-712 -606
-870 -638
773 -987
13 -422
353 996
470 -8
-186 -299
728 753
122 623
59 690
14 416
-663 944
402 -970
444 -470
440 286
872 314
-515 531
-637 231
855 314
-789 509
-346 703
-477 -97
846 -748
449 -768
-632 -671
-81 922
-32 -863
-470 -229
751 575
-275 -41
-696 -776
122 193
368 -73
-862 -826
-375 365
-485 -872
-856 -18
-730 833
-585 136
87 545
-241 -862
-891 233
97 436
214 -978
-1 -73
-715 10
-925 -715
-156 -664
887 -588
-368 426
565 811
-117 662
-919 651
931 -188
116 148
340 323
-334 -911
850 -371
-207 613
-419 165
-120 -717
-702 342
748 775
-698 -759
-587 875
-418 -995
673 171
848 363
43 158
-518 -438
89 72
433 20
-203 -166
-101 75
-395 -443
-773 -219
519 954
777 450
-190 -234
16 -316
-79 497
762 502
-668 381
139 -58
638 712
-843 -771
227 -738
-445 -369
-770 102
472 913
640 -504
-4 -519
118 -463
80 866
32 -577
-856 46
109 -355
370 917
93 925
696 684
836 124
-192 -170
-993 181
64 173
270 307
673 262
896 -376
937 705
-727 770
324 47
170 942
156 -202
-921 241
729 -464
840 594
985 465
-197 -708
342 707
-816 -594
-278 188
-465 237
-148 423
101 -905
-456 -155
702 -895
-884 688
983 -924
230 -473
428 -5
648 -497
400 -296
-688 -973
-961 38
163 -751
683 -730
210 -609
-687 344
-522 -366
-775 446
3 -124
-312 -439
377 -886
-397 187
-373 486
762 -577
709 522
244 -270
-177 550
176 -18
-67 124
-827 -832
35 -659
290 -114
-497 270
-906 -898
-97 -642
-738 -797
-112 -761
222 252
955 -673
-422 -290
-398 -109
-906 536
397 -724
-795 -535
665 -967
-645 -932
-360 975
-997 -576
-690 761
-503 815
-852 -460
-186 -762
946 -716
-690 190
670 723
375 -434
573 7
553 -188
115 -255
-160 832
-286 -751
-43 -4
-966 -411
53 -793
-772 -846
414 -424
-880 340
-71 -939
649 -435
903 270
891 844
308 -35
-707 -380
245 986
765 -590
-133 706
790 97
313 36
-884 875
-602 -555
-755 97
-469 451
-112 718
-988 -198
-641 788
-858 -247
-388 356
-109 -269
-693 -878
925 -126
-507 -333
651 -275
266 798
770 953
636 -705
98 585
-218 254
-564 758
345 680
218 -215
830 -70
100 -644
948 865
76 578
-973 -135
-269 629
469 -631
375 -214
-655 795
757 -414
537 796
976 -134
907 473
-28 957
176 -847
-127 -180
85 -325
691 461
430 -893
-317 -72
-386 -26
-480 950
-782 906
341 392
-701 -502
-281 -407
51 -232
-311 489
-586 705
-79 -522
222 -381
-439 -996
-241 -652
-230 -259
358 -377
148 -156
277 971
-282 -372
248 -506
696 -879
694 -803
-420 437
-363 -611
616 -815
755 825
-413 -575
-104 -809
178 -627
649 -563
-276 -599
204 372
-765 -969
-642 -704
-438 322
309 531
632 -229
-233 -622
61 158
638 491
-396 840
286 -230
637 426
759 -891
-408 146
-393 -222
790 697
-9 -777
-716 -71
-560 666
-949 -765
-888 997
661 188
72 175
-656 31
978 -761
902 -801
-381 750
-662 265
810 -463
-658 -781
-212 -572
146 -457
-229 827
466 -934
-163 -333
-273 -997
689 -195
230 -586
586 -381
-281 -19
842 136
-104 -28
573 951
-801 -243
610 987
-818 143
-517 156
879 -18
989 359
47 -483
391 -732
45 708
229 65
-313 -639
-389 -873
958 -403
-617 -580
173 -826
-24 663
-368 -776
-923 -42
37 -324
-993 839
-54 -379
-193 -952
-778 -245
45 -448
551 -294
615 -894
-404 -173
398 -532
802 816
272 -398
-475 -846
963 503
957 -232
409 -263
908 724
-921 -625
-809 136
733 -81
589 967
545 -825
101 291
549 -932
677 834
-654 -578
-475 -188
61 838
277 223
448 74
-149 68
-936 -851
520 976
727 398
950 -582
-866 -632
-822 -973
-488 166
5 109
-512 -359
-452 -762
691 798
-295 -296
-202 666
185 -335
642 720
645 -498
-983 -704
376 -290
-372 109
980 -372
211 378
520 474
-727 151
-443 -427
-142 493
964 -519
-180 -189
348 377
-942 133
167 101
323 -955
-549 6
716 -556
-758 -523
-487 -402
-317 994
-746 -595
-721 -413
-812 -452
-404 -915
601 -356
972 383
656 -697
552 -53
766 -912
-742 -853
-944 233
-138 829
391 -495
-667 -391
854 -220
-781 -350
-701 -361
152 225
-722 -800
63 359
593 -158
361 -526
869 -671
823 -932
-247 -525
-348 590
-497 534
-876 -526
142 -287
-280 -126
-540 -997
180 238
-504 -589
-784 723
230 -617
-955 -694
-323 668
131 970
-802 -314
-921 322
565 535
-684 359
832 -251
-538 -632
-740 -99
960 -506
445 833
252 -620
103 511
-588 233
-269 409
-830 69
-293 999
-180 -318
-8 -758
-889 -822
823 -797
-538 474
254 -138
-509 -407
-218 -248
-319 -767
-994 425
-110 -482
250 885
-44 166
892 510
-842 469
821 504
-691 -71
783 89
594 770
-568 709
-95 908
-815 -697
325 969
705 307
166 -497
-776 92
990 -809
6 -624
971 -572
933 -439
468 690
146 53
585 315
-914 312
731 -772
-743 -52
-967 861
64 -574
445 716
947 -757
-771 394
-350 506
-775 846
585 -334
171 2
520 -158
-996 519
-303 -786
-909 -527
234 -227
141 672
-622 517
339 272
-560 877
339 -706
335 -121
-119 448
-777 -899
-318 -173
-364 -237
-42 -387
52 65
753 109
764 -24
140 553
192 940
615 -43
-608 -432
-330 -585
691 -63
-625 -808
518 877
-869 353
966 -201
-545 186
911 831
-575 -919
-355 494
-496 913
493 -469
54 627
-325 936
-860 990
341 228
-149 -983
965 -748
-781 -244
-928 -461
-347 668
215 -43
-19 659
727 -767
507 130
109 321
-367 851
309 -963
-736 -267
587 -963
873 424
-135 -250
-221 875
38 -85
-763 951
-625 -139
-728 -382
-90 495
397 -160
-848 -362
-229 918
416 509
-752 -812
-379 -634
217 -36
415 -562
707 137
702 -537
-569 568
572 600
-470 120
-34 -191
-709 103
-762 -516
-865 -713
944 817
-364 -738
655 998
-473 -113
969 314
837 776
-836 235
-141 -334
231 783
-80 -256
754 -488
925 274
-547 -767
-921 658
-844 277
-542 966
-446 -889
348 -120
424 -600
440 350
-750 643
597 426
-30 820
-360 412
40 297
296 -184
-129 355
-711 345
381 -634
-845 72
747 921
-193 107
-14 -7
-803 -82
-508 -528
845 761
865 -346
-939 -431
684 -662
194 713
602 863
68 -490
907 -890
-826 915
985 -458
-23 174
-996 -684
-571 915
647 -727
-439 547
224 899
-118 -234
330 -79
611 -413
204 -344
343 675
972 565
-864 869
-788 -932
144 560
39 -979
-192 -806
-36 13
-878 -507
-223 -167
632 -131
-326 416
330 962
-402 -59
-889 272
413 -964
253 -864
829 -231
828 -354
635 807
179 -850
-327 189
-201 145
-716 -897
798 -349
-102 960
495 635
192 -601
337 -841
-656 912
401 -977
-565 -952
-5 91
468 750
222 637
66 -682
-257 751
-86 127
853 50
-384 -646
-610 -805
-860 -602
506 -922
945 40
533 -318
-491 346
34 -420
-715 -335
716 -120
902 -332
7 -641
-832 415
-552 -713
-900 -451
-705 978
-164 6
860 -382
-288 -376
-566 942
-910 -590
671 -829
80 -946
-482 -17
-938 600
-144 -178
-131 71
-780 -979
-296 761
-522 83
-532 -234
-226 -180
630 -643
534 -499
-31 -458
667 -804
-169 555
259 657
-485 531
355 -448
302 174
563 585
-386 263
79 -403
-30 -701
-855 603
650 -760
-282 981
-732 -343
-14 -55
652 79
-363 465
-559 -61
396 -360
-442 -582
-297 167
725 -290
-17 -510
267 720
-48 168
827 437
-164 -224
6 617
-432 138
-575 -93
-778 -301
783 -33
-844 239
372 -670
241 198
267 -237
-847 -248
58 251
-976 -395
-607 883
20 806
-424 -711
-377 743
991 -572
-320 549
-688 464
-90 802
922 452
555 -547
671 312
-846 58
-369 303
-862 762
-145 787
-176 134
-194 -926
-284 39
-248 608
971 357
391 956
263 833
30 -447
-176 -274
736 925
749 -30
879 -20
406 166
554 -768
-377 579
899 -663
87 732
-17 238
773 237
-777 -9
-926 287
-138 671
-273 -624
959 -854
846 247
-562 187
-604 298
343 -634
821 -961
855 976
309 385
733 -902
-598 214
776 -308
362 -583
-992 -924
-37 113
108 -651
-401 790
-78 478
548 82
785 41
783 -469
-190 -476
-263 798
-303 248
180 -369
-811 537
-437 -231
561 -514
844 -639
468 536
-718 -357
-14 830
-190 132
474 -464
-968 696
-912 873
368 -260
-383 -565
-912 -981
105 -261
380 -615
72 86
-728 -157
603 658
-222 -914
614 -799
688 -285
-858 -801
627 -935
-261 398
-847 -808
396 383
238 -467
712 -393
816 -775
562 33
866 765
-481 810
-570 -770
-408 -499
650 -623
-698 78
-670 336
710 -19
-767 552
-357 166
-340 983
89 968
-355 453
125 -587
538 990
-417 -748
-332 134
135 704
362 -806
163 776
552 846
-456 649
-72 579
-728 973
-143 -517
-706 454
-189 -702
736 797
-946 -447
-707 85
279 310
951 61
189 -217
155 647
-414 371
-696 -85
-593 -150
-86 946
-957 206
553 -541
86 -929
123 -437
653 502
-635 -746
745 745
720 -973
-53 497
571 -73
-785 -172
374 -303
-414 -680
280 -11
-414 -693
405 717
-944 639
201 -282
-157 -973
727 384
808 -876
-807 -72
-44 641
-486 -651
554 -837
-749 -856
-264 567
784 -658
132 -621
8 721
-117 -752
854 -739
264 230
-386 -891
-315 655
-653 -672
-586 879
353 830
-640 -676
-924 691
2 -51
726 502
-823 762
580 141
-581 462
280 278
858 86
-146 -464
511 -106
954 146
77 300
731 893
-538 743
55 -107
291 178
-818 298
-379 -878
-831 -191
-127 88
-182 360
-708 558
-106 -115
-79 -46
-138 -403
-475 462
558 971
732 -266
-756 -880
340 -931
465 759
-396 -7
589 -766
-704 672
-893 -20
-255 -722
209 -447
287 619
-781 -362
597 -43
-628 -9
188 86
-457 -905
-337 763
-836 1000
686 -124
338 766
642 -347
456 -434
-439 360
-822 -641
-42 986
-587 -479
-133 548
811 -594
568 909
447 110
811 222
-373 903
-289 523
-619 900
467 265
552 -250
-375 105
999 -521
939 317
-128 -126
452 -34
-114 -335
-43 28
869 -385
799 -640
588 791
-406 -287
842 -222
513 659
941 422
163 751
98 -508
45 887
480 -436
749 -534
-412 904
-869 -512
610 -875
-744 -698
360 526
415 234
516 531
-249 -299
-369 -884
-108 347
569 -862
311 360
-174 945
702 873
469 -103
243 -682
242 104
779 -126
-31 -432
-523 963
234 256
58 -962
375 -489
35 983
-838 786
-810 1
936 571
-432 -65
-360 218
447 -776
-465 891
821 991
-789 -621
-789 -765
-698 -237
-464 263
750 -875
-178 635
-697 657
312 400
-767 765
45 124
-112 964
250 -495
890 179
253 424
264 180
437 40
490 979
660 322
489 481
-520 146
-264 462
-651 536
841 376
534 -415
-653 -881
-980 -14
978 -943
887 -237
-393 -226
-569 -297
-650 283
-741 -635
533 558
-780 33
873 767
923 -986
-42 665
369 329
391 -113
290 -462
-10 -896
-132 -987
66 -595
590 -68
-795 499
-942 -562
489 -441
204 -720
-247 596
222 173
948 551
-636 -270
-267 63
-137 761
36 846
449 537
-254 247
369 548
413 -551
-673 -457
-631 -715
-971 -44
636 316
50 527
431 -44
647 105
-308 -300
-247 216
975 -461
917 15
967 848
-258 211
-17 283
-115 -412
-28 583
-119 892
-608 4
-879 649
777 -921
-91 301
728 737
-922 194
289 881
768 -996
-167 158
-798 34
-965 920
-224 -41
12 416
437 -698
848 -114
729 -941
-637 -718
450 246
177 -788
-662 -353
970 325
-339 145
243 -160
791 -314
878 -727
165 967
-960 -412
673 615
-127 -954
988 -533
986 53
-609 900
-673 -808
752 -812
-841 -373
-773 690
-566 188
-149 -955
-382 335
820 534
801 467
565 120
126 -528
666 -336
-953 888
22 -819
-677 -240
418 600
816 157
-855 556
317 -822
-773 540
-450 875
-226 -489
-174 704
-144 439
680 -121
655 217
-14 420
170 -969
-56 96
938 27
-838 -465
-950 -14
8 -87
681 745
411 -734
-808 -353
718 -276
373 869
541 919
911 -310
-693 629
-882 915
-145 975
-550 601
-578 638
-973 -296
14 -19
-553 -460
-356 274
-821 507
-774 221
-77 -542
823 611
-313 -347
-431 -705
262 -749
-854 821
-951 408
-729 824
-94 -952
-368 786
-582 -424
988 650
262 238
322 -896
619 -442
-661 496
-685 -90
-700 -388
26 -537
41 -804
-940 803
433 -253
-332 98
701 -639
-612 892
235 -41
-260 -746
-869 -54
308 483
554 3
-747 805
346 518
-151 -216
896 960
-745 -356
575 -372
693 -196
263 589
975 -742
-958 -838
672 -24
-805 -819
-30 337
234 407
-131 -947
-91 787
-916 -705
661 -313
186 -537
-910 -660
469 617
201 510
-847 -709
639 -94
768 804
-504 -835
444 0
558 948
-495 -704
-376 -216
755 -258
-847 395
-811 406
-154 -758
-968 -485
175 -382
390 71
627 634
975 587
-557 -735
645 -944
-725 930
946 920
-713 -106
-355 -689
-52 467
-76 -45
-907 -656
-255 -691
-194 312
-971 -644
-805 140
40 412
82 -247
-181 718
326 -448
-832 243
-378 -203
-56 783
-995 854
-824 492
419 939
-15 -49
673 -148
988 190
48 -418
586 -93
768 -736
624 -587
777 -844
915 855
-116 -773
-921 -67
484 660
337 -106
-340 -612
835 -55
-12 428
629 401
-79 370
-926 -891
19 512
-519 12
-376 -185
121 39
-26 -602
-371 -306
-641 -392
804 -233
635 -939
-417 931
404 -634
564 661
-543 -449
771 -164
562 255
-599 -949
301 -937
939 331
163 -298
553 -636
244 -186
285 713
-55 891
754 843
-124 777
-703 712
-716 195
-647 -366
-306 40
-316 -434
270 24
243 -34
-599 89
44 -433
-788 858
895 850
-982 480
116 -600
-346 -51
598 774
153 -463
542 -763
108 -316
722 -936
141 700
-832 -673
-358 511
599 -197
-545 901
-637 -757
649 365
188 17
844 156
-130 985
474 -76
-272 881
418 777
-576 397
254 -686
841 246
796 -666
200 -553
581 -293
-444 48
478 965
97 42
687 -280
-623 961
295 -607
-705 -512
-15 -916
464 -89
299 -601
-471 -371
-59 191
-508 391
-29 69
705 -132
968 801
771 -130
92 -92
303 99
936 -626
-837 380
-759 441
-30 331
-469 497
632 -326
892 417
834 -701
923 147
-841 -894
-802 -865
-885 800
39 -732
-740 234
-293 589
-777 -288
942 635
-197 -981
335 -979
163 626
58 165
-646 845
196 284
-398 -894
-234 -600
-87 -416
502 -320
-905 19
293 -447
161 228
261 -461
895 344
246 87
293 394
284 -401
-523 -311
-129 -517
-26 -567
809 -614
334 -497
-95 -42
-964 773
953 -803
567 273
-366 419
-16 -999
494 731
924 854
770 814
26 422
-463 -133
610 -280
-941 510
43 -140
-613 200
816 -490
-198 -534
-223 -663
-931 -408
-528 -465
537 856
779 -564
719 -235
-617 155
-180 699
525 545
724 569
793 533
-51 -180
-968 -478
-715 853
-540 -573
205 -660
268 418
389 -822
883 300
-188 226
890 -357
-364 270
-671 -785
484 235
-680 -940
-554 -1
-886 -766
175 -169
606 869
-92 -669
223 -915
-848 482
284 -27
-123 298
208 466
-375 -263
-191 285
41 -22
972 -468
692 783
-704 -455
-725 381
913 -800
-459 -287
863 -987
-787 -676
751 -71
853 534
89 -475
-181 372
881 913
-534 401
456 -605
988 443
780 772
-783 500
-915 891
-698 -872
-256 -567
-255 -546
898 -742
421 0
-439 681
-776 548
-314 -26
359 -551
71 -365
-96 -556
208 -72
83 -180
829 -700
-861 -481
151 -427
-637 -932
15 830
611 57
290 954
406 -630
871 -317
867 154
-472 -597
-163 -650
825 -722
-926 740
-842 614
-978 -829
139 -301
202 994
-623 165
905 19
-767 634
-28 145
475 282
-803 -184
198 828
663 437
373 -925
-808 -643
324 -130
349 806
-579 733
-850 -266
-514 518
-594 547
355 272
937 783
-366 -122
606 -127
-320 859
859 -754
-934 67
-503 -208
-153 156
794 726
-257 236
-743 792
116 -219
287 237
946 -429
-258 890
-708 -780
-349 154
-518 904
109 861
241 600
568 -926
682 -344
269 872
-798 -379
-837 352
-177 626
297 -426
324 -113
-469 719
154 -265
893 951
66 89
109 822
786 -143
299 144
895 233
349 -63
-710 -583
-448 595
-475 100
-419 757
257 343
-111 141
621 -239
-75 -372
-172 -454
993 -854
-100 -633
930 119
-840 -972
-100 291
262 -11
-616 930
-590 -776
585 640
-154 698
326 -759
-812 -747
-863 504
429 607
696 195
249 227
-673 848
67 789
267 -81
552 697
-832 128
-253 -584
520 -116
-928 691
943 283
195 -347
-461 -743
665 455
842 -855
232 487
157 838
-98 569
985 730
-361 -276
-758 319
397 648
704 -522
-675 494
625 384
-738 536
229 962
-654 996
255 -960
183 -876
-419 608
201 -799
-687 -631
232 304
570 -390
-334 542
730 594
32 -609
586 -103
374 935
511 -858
77 181
282 920
-657 166
-127 238
723 378
489 513
150 348
675 489
203 727
-154 -857
285 -886
489 -393
939 313
45 -198
-589 -927
271 -448
-392 293
649 558
289 622
266 500
-315 -395
-933 1
-653 -306
271 -599
-301 23
379 -611
-132 198
74 -775
-536 -178
376 830
549 -317
14 173
197 113
605 -911
440 787
386 104
802 -431
522 -958
-553 -322
-912 -661
309 475
830 -272
501 -809
-46 510
-497 -328
-498 -506
-543 562
-911 50
-446 -682
870 971
-496 -436
-883 -456
-787 308
302 359
372 869
-288 527
-601 298
877 -785
268 -572
-879 -486
-771 -744
282 -385
700 292
-152 -460
-857 -167
-272 -37
-172 519
785 928
528 -876
-905 -599
-744 -352
233 -927
84 -873
64 834
896 -290
-358 -675
-512 -239
243 -297
-581 290
-812 -172
-674 895
416 858
714 -2
779 -226
-547 -362
-803 185
-33 519
317 -640
689 -909
140 696
155 -381
462 331
368 617
537 520
-585 -871
55 -653
944 838
-437 757
443 -995
-57 -527
320 663
313 -888
491 -192
119 -219
130 865
-522 -478
-4 964
-486 426
-587 -28
-787 530
-828 -403
325 -574
332 320
251 824
997 -483
-916 352
288 -462
-441 922
364 209
-820 -676
-885 900
-507 -348
-525 -377
530 -2
-449 -552
502 251
448 193
-369 -537
847 -788
717 -966
384 11
42 -735
780 577
490 -246
-193 902
-169 -214
-42 120
536 -179
-605 700
-769 -328
-523 326
-984 -887
-83 -424
824 280
217 -818
-661 -85
-89 565
480 318
313 -198
-241 287
645 33
-904 -902
326 520
-417 778
-278 707
359 482
646 100
-832 918
-751 642
-26 -844
-371 729
453 -526
295 575
799 308
866 -686
-177 97
990 -192
211 406
201 -669
-103 481
982 565
858 -758
179 509
820 -382
108 -970
-789 -63
509 -278
850 592
-60 642
706 785
-192 756
448 952
-277 575
-838 -672
529 196
303 -695
-891 -830
964 -253
664 -892
120 341
311 -40
496 -255
-481 739
705 686
-375 311
-549 327
-121 -332
-393 375
-84 737
-772 930
-835 326
435 895
-600 -601
131 550
-299 365
-777 -269
848 -768
-989 57
-903 -27
110 846
-133 224
-540 -961
-447 265
201 -464
-971 972
-756 962
-46 426
-194 698
-778 774
-965 -652
-659 712
-755 -898
-884 -506
-76 -272
771 429
560 -246
-623 530
-915 -564
66 949
-876 277
949 145
-977 -212
283 15
-712 -528
-884 -800
-466 349
-761 -605
226 513
-684 -744
842 -265
366 620
-907 -109
809 878
897 356
-264 872
-256 -676
-391 -807
-421 -176
-350 -902
873 -763
209 -798
-469 -777
912 -513
157 -477
-802 -905
605 -989
801 903
156 -971
71 744
877 133
-298 -151
-885 706
-218 -581
860 48
65 -885
-705 339
-585 668
-189 -418
586 100
8 -328
-807 83
-447 -851
-381 -68
-916 129
391 26
712 292
847 389
802 310
-967 -875
-17 -262
880 120
991 249
-173 -523
-670 486
-184 573
-33 361
651 -585
-672 287
-228 -790
9 -529
-238 -133
-941 -502
281 925
-355 -734
-66 716
85 859
-331 427
-498 465
-754 -133
-577 745
-24 423
609 -369
-885 -490
601 472
686 537
296 131
481 -306
760 -975
729 653
-657 208
602 447
265 -46
-357 -616
-717 503
-281 715
-283 -613
-383 994
-782 -173
-267 984
466 584
257 -975
-471 -574
939 -150
883 204
-21 664
43 -119
183 -795
-384 290
-280 896
887 -856
-595 214
122 651
248 -175
-735 -726
-327 -579
-206 -900
453 914
859 457
-597 -779
-408 589
888 -942
557 490
739 -937
-530 413
-610 710
261 202
-666 709
42 27
-938 104
807 897
-618 -257
-196 -234
634 -79
946 -763
-126 -727
299 -971
199 579
-419 521
602 829
-435 158
-10 932
510 3
286 -391
-386 392
924 435
458 -712
968 -476
-248 -358
-523 755
-764 590
624 422
-911 960
-436 -922
-261 -794
206 434
-180 -741
-61 642
-136 189
988 658
841 -241
253 -653
-321 -517
-616 816
-254 -821
378 795
-638 460
-616 118
635 547
-534 503
802 -785
-239 -443
-737 -683
-34 -602
-872 -813
-466 389
-252 240
-632 10
945 -4
-665 902
-435 -861
-101 192
263 910
143 9
-166 597
-516 -217
877 166
-32 -699
-99 912
26 640
431 248
-564 260
566 -462
79 209
-625 -390
-696 -966
797 908
-748 214
233 -877
-621 -886
-78 -740
368 408
-785 343
-359 -726
403 103
761 -726
-889 -951
-158 848
-182 671
42 910
772 -418
-652 546
-807 58
-360 173
346 -718
-50 -308
434 -395
947 -245
371 480
516 -867
-817 378
-427 47
-546 250
-467 427
843 -89
589 -687
534 -791
255 23
-287 -319
406 293
897 -692
-5 849
-864 -803
248 -712
-838 543
262 -83
-653 16
625 -163
-866 -588
-536 618
893 -102
-216 865
534 436
278 -446
684 50
611 995
-407 357
777 859
498 541
-31 348
-101 -162
-356 629
915 -274
-606 594
554 675
612 579
-742 201
-140 -250
303 -308
572 -419
358 880
942 498
155 -96
746 -429
-11 575
205 -121
-638 -523
-161 79
-733 -793
14 -340
-835 94
900 674
-632 -217
-668 36
-680 -917
194 -667
-540 -595
-336 -146
-868 -129
-614 -875
316 630
714 497
678 -501
-38 -255
-462 505
673 -136
279 89
659 47
-99 794
926 839
404 -234
459 565
-245 -825
-178 -101
-498 57
643 -127
51 238
-706 -956
-666 -141
115 437
-652 -245
-153 421
-663 653
453 -784
577 670
-138 -923
-320 -469
-335 -521
-459 309
418 -89
286 -642
155 734
139 856
-861 711
-205 2
172 165
-379 904
333 237
5 153
764 -437
-732 147
-639 -953
-301 -405
-831 -874
415 516
799 -238
-645 -40
636 -116
-739 942
-611 -767
186 665
385 229
-224 358
-203 -865
-920 -485
-757 748
674 143
-187 945
792 271
644 360
-624 310
-751 119
-164 35
924 -402
112 -560
662 -57
-769 200
844 370
-587 95
387 -162
-416 47
406 667
775 401
-256 379
-408 5
744 466
309 629
-48 -385
157 570
510 572
295 480
-643 278
-479 -19
-475 548
931 119
-177 -66
-239 653
-1 438
403 -575
835 157
-513 -584
491 -675
268 -294
-726 -407
473 242
-138 170
-833 -620
83 143
130 423
-348 -940
-501 -978
-675 -595
-740 -850
946 -336
-860 778
195 380
-773 -538
-368 -782
312 -32
-367 344
807 -36
247 95
595 293
-779 -781
-269 -30
-999 -645
-36 -84
-33 683
-836 616
-132 420
-389 30
742 4
395 298
874 958
692 -474
-529 -924
291 600
954 594
-654 -463
-269 -206
-209 -866
-217 626
-780 -340
-897 -491
360 -422
-265 214
525 -512
-171 -957
-161 -3
-325 742
702 889
340 578
-229 969
472 -521
-10 -656
-579 -209
645 504
-334 506
-935 -931
-460 447
799 -849
-70 592
406 56
-37 -258
-533 795
-694 224
-249 292
285 -143
-858 891
-78 -975
-432 652
-625 487
415 503
-731 -737
510 -694
10 842
-565 72
-361 -776
-627 -200
-145 619
2 -684
-968 380
-104 126
367 229
882 -824
-572 228
793 -914
553 -229
-312 -174
393 -748
276 -536
-915 154
-45 662
994 917
-199 -34
56 284
738 -200
-612 369
225 -395
-196 883
-940 -461
659 688
112 -95
167 942
-893 -206
-764 -728
95 92
-798 941
562 -646
-549 15
776 -37
-761 452
881 -198
-540 -114
-300 721
-785 394
268 500
-464 -287
522 723
721 -47
597 -127
-214 -964
706 -105
-978 919
345 -114
-522 -665
659 366
-236 674
-153 -971
872 24
-952 404
348 81
551 -554
240 -780
-449 400
459 -663
-106 -529
26 680
-11 481
-301 -502
-753 777
762 -497
950 -111
-704 992
363 -988
-323 103
459 -181
322 136
-886 205
-338 810
-919 42
210 -778
792 693
-65 -653
-743 -573
228 -783
400 -450
789 -738
385 960
-895 441
730 -173
72 -492
988 -497
-910 -972
-563 891
998 622
-741 118
-470 -861
892 895
-532 -431
157 212
24 979
244 -110
-405 943
57 571
-726 -890
408 -802
-497 695
346 -72
197 -711
866 -247
302 -955
549 -596
-600 -739
-33 -117
-606 -329
806 497
-531 -383
-174 -454
-105 -342
-959 -355
30 2
-65 757
724 744
820 624
985 888
26 336
347 989
657 295
-306 35
339 200
409 -903
-400 702
351 822
510 -223
-669 -353
-257 -358
418 220
394 -509
848 -26
420 667
541 887
423 726
-676 775
-444 -65
184 -257
-657 983
266 816
267 143
-847 689
-473 -786
86 414
923 147
775 395
706 730
-18 588
305 495
-34 -622
638 895
-835 8
37 457
463 -912
650 -988
-215 403
-559 5
-665 -498
145 825
-536 475
194 -636
-390 673
-976 -224
17 688
-853 -588
-15 808
390 756
466 -965
-144 -596
-957 776
-925 944
244 -769
58 -295
-593 921
936 -500
958 -81
165 -88
468 788
795 2
-500 -892
362 -725
-934 860
-60 344
-188 280
647 -142
481 -308
677 358
556 428
-855 -330
528 -136
388 80
-837 -682
-662 -279
821 -980
-125 499
771 32
-37 461
-154 -717
-57 449
672 -677
26 -35
-393 434
995 898
980 -636
-16 355
-202 229
863 -567
220 879
-870 432
-242 -6
801 271
379 -373
697 -113
920 -847
-549 435
-679 785
216 -870
783 -862
584 -600
-870 346
-449 -233
164 328
366 187
632 -260
-130 183
11 -156
376 470
425 -301
833 -312
301 77
146 49
-522 135
-822 -990
933 590
-249 51
487 -390
-420 357
531 787
-922 555
-163 -276
-421 -530
-518 157
-493 974
426 395
829 591
-556 -388
282 724
-582 -900
969 -21
279 982
-554 -753
-662 -991
-646 193
198 -342
880 920
-477 563
-177 490
-312 749
599 -716
36 424
-253 -795
-457 846
-773 -782
698 -130
-651 -120
-267 36
-968 916
-98 268
167 738
359 6
658 -667
694 -411
481 297
183 53
994 687
909 797
179 853
-169 217
868 -393
-932 157
-819 428
-442 137
731 -710
-555 324
362 757
-425 -866
-157 -907
-889 815
-27 180
83 -676
-945 -27
994 -753
974 -352
365 -475
314 -896
-253 -778
724 151
-154 143
-241 -168
-211 -998
709 677
-608 -87
812 -20
-758 -984
-790 936
180 -9
751 552
-950 -987
301 464
-661 295
-604 364
-37 320
483 -130
-660 491
-528 903
364 -308
487 -139
-912 -43
-496 -896
837 -841
335 -966
-894 -523
-675 867
901 96
-98 911
410 -690
618 -362
-248 -275
359 326
-845 623
480 -747
-237 605
-77 -377
314 703
840 636
767 115
-910 276
-394 750
82 -26
474 -89
140 674
151 103
-941 -574
395 186
-322 37
836 -493
602 130
-739 465
-205 -138
201 -570
361 905
-390 -309
-33 999
-238 127
-89 -826
-352 -815
794 695
-578 -204
-543 -208
-583 416
431 -820
-955 30
332 804
443 549
198 -833
840 -26
-335 652
-855 -707
720 696
-107 -178
287 759
269 -792
-731 533
-573 -367
-436 -89
-39 234
335 494
139 -167
642 43
-421 159
-882 153
-801 259
671 -705
-250 -737
-193 442
148 705
-713 -608
364 615
-781 -14
-46 -860
790 519
788 647
-13 -552
-890 93
649 -21
0 -727
53 553
475 -547
681 839
-896 393
84 -121
331 692
-290 437
792 232
-229 690
-316 555
139 453
-548 496
-264 327
-960 -329
294 861
-764 494
725 -881
915 565
447 361
-558 671
829 -64
611 -399
-42 892
-150 -276
810 232
-697 -320
-83 379
396 -678
-604 904
752 -288
137 216
410 -58
-582 798
502 -996
797 -487
-556 -661
-51 -745
27 170
879 370
790 370
587 -783
-212 665
23 686
382 732
273 523
-540 777
-309 -510
-538 -867
494 -980
228 -477
360 -709
-347 -622
708 -798
-332 852
-291 246
-957 92
340 355
573 -727
157 -208
602 -141
747 -441
-44 -895
702 -214
-399 294
-960 2
-991 -15
-853 -77
-937 126
-453 439
-485 245
-58 -248
-23 -771
716 263
973 839
732 531
-149 352
106 -305
292 482
-359 -903
697 -385
231 863
-471 725
279 426
681 -182
-812 244
-132 -402
462 432
-805 502
632 726
150 -310
111 909
-268 330
742 972
812 -844
-160 -841
-932 126
-96 -297
615 378
240 1000
890 -314
616 -649
378 -368
719 335
-130 628
337 452
-554 -951
-338 -29
-105 -705
-174 -272
334 481
201 6
-175 16
-973 363
-917 -98
-435 -475
940 -4
231 -62
-453 -119
591 78
575 -426
-516 801
538 682
882 677
-38 796
-629 -138
-383 881
970 985
126 395
353 289
-714 474
132 93
459 525
-466 -155
-7 304
-735 -474
230 -86
-376 828
138 -497
-894 604
881 763
799 406
-138 -242
189 -789
643 459
176 138
-642 493
98 473
-390 -744
879 -32
455 424
-575 215
-851 10
14 -304
-268 -263
-608 62
158 -641
-83 -545
483 401
-404 -702
-588 2
-698 968
-54 857
632 523
-230 451
484 657
-753 -485
-545 -273
-288 971
773 436
954 -367
-314 606
-967 809
999 -917
-856 -158
593 787
-695 -115
-60 132
-85 -758
877 568
384 -76
858 591
-980 80
-260 159
62 331
838 -69
150 144
424 -526
-725 525
36 277
-526 -58
649 669
-326 -680
603 -962
897 -868
-191 -692
776 842
-71 101
478 -4
-810 286
540 788
-688 -584
747 510
-577 -353
393 903
-79 -579
469 336
706 -952
-84 -991
989 -691
-370 303
661 233
-684 323
388 -424
-498 -396
-452 -749
3 -833
688 121
966 47
442 -840
775 461
452 760
-55 651
-848 415
724 -444
-781 520
-417 917
-124 -560
-286 -981
30 -164
-46 464
406 764
-985 461
-98 250
-239 34
510 -258
-887 -574
-956 -653
-42 60
348 414
-69 984
-466 -848
83 -579
186 -884
805 -344
-460 966
-908 -435
-889 -443
-130 425
-940 138
-751 -645
253 161
-713 -630
-964 187
-813 342
536 582
-122 497
-310 840
440 185
-232 -760
399 -779
27 560
-685 -717
-558 -59
-725 -169
-589 719
-850 347
657 597
-834 514
-311 -62
822 862
-520 -991
-135 89
-234 -130
574 -515
230 443
-736 156
-493 395
76 619
-855 33
-706 -68
-582 -510
941 294
119 2
-628 -98
876 478
-838 775
457 -932
259 -908
-336 -218
120 403
-83 479
382 -514
848 322
-129 729
536 -969
-376 344
536 -720
-386 -357
-605 277
-189 289
-768 910
-769 1000
238 243
-159 -538
-544 -226
443 -749
-51 -116
-859 619
901 979
-278 -164
115 -394
-81 -389
989 758
-916 -727
-172 688
299 -613
-127 -790
-198 140
-846 -628
694 126
-177 290
-945 -371
-198 -240
588 170
-417 -298
-744 377
560 -222
492 247
110 -411
-765 53
898 153
-68 -201
183 277
233 -446
-533 529
237 -761
-183 468
-998 -471
254 -973
-615 -74
-950 578
334 -869
-970 -189
992 -479
145 842
899 -838
-848 -105
236 -900
-205 667
-276 266
-500 532
902 263
-773 -851
-860 -26
553 -78
768 770
604 240
-696 777
156 -88
142 -884
14 141
620 881
-27 562
581 352
-768 104
-88 770
-313 -110
-299 658
-198 -455
-462 -617
862 501
-484 776
220 186
-650 823
-646 779
-482 683
553 860
39 440
-757 -760
-27 -266
-529 867
-437 794
362 -51
171 801
-48 960
240 -231
894 -567
-601 165
587 117
-83 355
432 170
697 958
-954 691
817 760
-525 -626
183 -165
-137 427
-644 -672
739 230
-750 883
976 230
335 -713
-554 66
-685 495
-816 975
184 -201
781 765
-925 238
-739 -490
-802 607
-341 52
-564 576
-180 -280
114 585
-497 434
-839 940
-386 760
-950 36
-595 -798
-980 321
-775 -603
800 29
398 -512
-369 750
-276 -776
867 651
-184 -250
-415 -107
914 -756
391 -937
874 -199
390 919
-125 -475
932 -907
221 -258
803 620
-126 647
553 254
321 128
-219 -146
449 945
-858 -653
-532 255
442 670
795 -937
-869 -927
633 -742
757 211
-951 905
-849 593
584 88
528 -286
292 979
-97 -37
482 -162
-980 410
592 -52
677 625
353 -98
-614 -5
285 319
462 -398
-288 -905
771 -994
-341 297
-15 442
490 -536
416 -338
-649 -720
170 -274
501 -729
654 750
211 666
-728 765
-547 -1000
838 -888
-387 378
-9 -387
583 -467
-207 592
-977 -809
-264 443
555 -900
-912 400
-620 791
994 58
681 601
178 591
-970 167
-789 11
-700 263
761 -923
-936 -175
-487 372
-510 306
-277 -523
-630 -227
573 -277
740 -554
274 419
-118 876
-549 931
-624 -163
423 -827
-227 -964
809 793
295 -262
796 886
93 528
-434 421
115 390
938 -746
-717 -294
411 57
-913 -350
580 -44
-740 510
-866 -531
-538 -612
-941 349
879 -344
-131 -656
128 -605
423 -548
879 839
684 530
-704 -750
-240 -911
-200 16
-492 -106
-997 -375
-161 712
793 -60
807 769
620 -598
635 231
-20 270
-743 782
-337 -646
-323 964
-940 938
-421 699
-59 618
180 -851
-791 -761
803 -376
393 518
-423 -251
587 962
-601 529
391 752
882 -848
-959 -801
138 691
746 -57
-435 -243
-420 60
-538 888
604 604
-839 -313
650 -140
-547 959
509 734
848 -730
406 -63
303 636
691 195
-265 61
-571 784
-506 -550
-920 410
400 -687
-53 -593
815 681
634 -819
-789 46
-856 875
-215 -581
-579 -511
-803 45
915 -702
657 936
131 -664
598 -443
754 316
-297 -381
445 183
537 -830
-636 -112
-145 -194
-560 447
61 -948
463 150
-293 641
186 -623
114 -482
-525 -549
421 -923
-525 851
-468 621
412 -949
291 -888
-1 -520
180 -678
115 646
-464 -219
956 609
905 -406
-716 21
293 -193
-789 -208
242 367
898 -877
786 463
-250 814
502 -100
761 -623
-387 -32
230 -630
91 287
669 -824
-768 -115
563 -596
-930 -699
857 920
-928 361
219 -50
42 -113
-98 -462
-431 688
62 -360
-48 -540
996 637
-854 119
-51 877
611 -712
224 193
-4 -704
56 890
378 479
-487 -534
248 949
165 177
538 61
749 -479
561 896
760 -609
-294 -459
-730 -496
-536 607
-671 320
712 -725
945 -689
-539 -290
93 -891
-821 -245
-816 142
-723 853
829 -146
-411 968
979 -754
49 -119
961 -347
-845 -467
7 973
26 501
-294 266
-807 -348
8 121
330 -359
986 528
-284 222
-998 62
339 -640
-982 555
-390 188
839 593
832 781
-542 -632
187 813
-401 -757
501 -223
890 -647
54 731
586 -934
385 369
-144 -469
496 541
946 349
-571 195
-418 52
254 296
182 -806
806 -399
387 -438
-601 -520
-485 -773
207 -909
649 208
-538 -293
-85 -988
322 -155
-476 -706
-263 -510
592 -766
-640 -524
-469 -369
916 97
-762 961
-317 446
-930 -254
448 63
-357 -494
-655 -223
-782 -298
204 -130
969 606
766 -718
275 891
126 272
-498 919
-231 -45
-515 -107
-62 -314
-685 -418
-123 251
-543 770
196 -328
777 44
545 371
-245 -90
901 -566
-321 564
-276 -83
-145 -123
-914 388
889 -919
458 10
531 -367
667 365
-556 614
-462 622
51 -56
-205 458
933 -946
-475 531
-830 572
785 625
-846 636
-465 334
-607 70
-294 52
186 -759
-784 87
-248 -87
-758 531
941 -93
-111 -339
-684 603
-858 878
-165 -146
440 -496
-370 730
963 -347
120 68
-522 710
-392 -653
951 616
-747 -842
318 -763
-426 -629
-818 51
-282 -519
-76 439
-984 113
650 748
40 -376
-690 -894
-808 285
824 295
11 -160
-907 -45
-107 401
108 118
-788 -816
-938 -720
-273 -902
937 -169
256 -897
918 635
679 554
254 852
-812 -40
-505 165
447 63
-635 -48
-880 820
988 753
381 -496
405 794
-565 353
238 454
22 222
-848 538
-681 -929
-222 634
283 558
-155 819
-385 -232
-814 95
830 947
434 -138
-30 868
519 361
-846 -578
-467 886
-594 236
-231 -992
-955 722
-797 -248
-34 453
24 -241
-899 130
-162 -87
746 -352
291 609
140 417
-87 167
989 -344
670 -320
-563 520
915 344
-710 -269
-526 196
126 969
101 -911
-506 386
-621 -585
407 -41
-313 -502
-395 -679
-982 959
-343 876
26 56
529 172
-972 957
-28 567
-222 294
-700 404
193 785
927 -558
-643 -574
-511 713
-824 -815
590 275
223 -986
823 -115
992 -43
-546 -462
970 -898
169 104
235 -363
-571 373
-764 -453
840 820
-385 554
269 -581
534 -28
825 -468
948 469
457 -698
902 -26
-863 -18
849 965
298 748
19 -761
-587 -343
-990 -668
-741 -595
-212 445
-739 782
-639 776
-435 -722
853 256
493 260
-986 -684
-110 475
385 -79
399 480
-321 -292
547 -298
189 -310
29 -198
-96 595
86 -414
-170 503
497 -305
803 120
727 -255
657 -504
-900 -707
224 849
-179 589
-352 -647
-271 182
983 -615
365 -556
19 -692
450 -69
32 -224
725 254
-118 -754
-904 -979
688 441
736 -469
-534 -176
60 292
532 -711
-163 58
-185 -961
-682 711
724 -609
526 -34
728 -163
376 -333
-821 -44
-893 996
-65 648
338 580
882 -766
-527 566
466 -792
-735 952
-921 -422
-560 348
-31 -639
-421 744
-122 323
524 798
323 -69
-305 -423
-212 -492
-383 371
-598 473
-302 -993
870 -44
-556 29
238 154
683 -889
15 -753
-889 -323
-304 693
-530 -89
221 317
891 -270
-379 164
480 -506
672 161
-796 -569
574 -32
-156 583
998 131
503 859
533 -458
26 533
-858 265
-825 729
849 333
-516 485
-738 -250
-322 12
-510 -220
-984 -345
-527 -966
261 0
3 -153
431 -494
-987 955
-423 969
286 210
594 -571
-398 -681
12 -315
259 276
-557 9
-174 156
