1000 150
598 1100
9258 62
6965 2088
8117 1331
5072 4288
6793 1854
4964 6436
8951 9987
8552 1108
8803 8473
1702 1015
3373 9268
9865 1829
6268 8763
6877 8916
4829 2422
3222 58
6725 4179
7900 8672
5830 1778
6743 6252
289 4030
5981 2325
5123 7969
8554 897
6641 2720
5160 7663
1500 9401
9321 6429
6642 3545
6698 4719
2356 8674
4302 3494
3123 7815
4212 1775
7632 8219
5360 9120
6598 6467
1092 2469
1060 9463
2089 9261
1922 7188
2562 8847
8588 2356
2967 6604
8686 6991
9124 6240
702 489
5813 7046
3884 8365
9972 6155
3142 5691
3788 3660
7489 4014
2753 4585
712 7919
8450 2991
9630 7775
6982 4727
201 2413
7174 3508
7541 8800
5231 5185
9621 1412
8317 6510
7991 7852
5492 1039
3701 5481
4543 5298
9976 6624
3115 2104
9742 1912
8848 9140
3347 5184
5632 5104
3201 8432
4184 3959
3388 3589
5894 4756
8340 4881
7857 4940
2378 4540
6366 926
7479 8681
3710 9595
4318 7999
3495 7441
4464 90
2223 2793
4916 3635
9027 6920
556 7689
8565 4983
8493 4110
7686 8974
534 9658
5247 4811
4917 6440
744 1883
5523 9462
6906 9837
923 9789
3754 5937
3275 3469
729 8128
7228 1733
2626 7358
2894 8657
4151 6302
4753 2263
3577 1122
7109 9820
68 7750
4935 6405
2799 7760
5664 5110
408 1716
1898 4973
8113 7381
784 5051
5749 7041
7281 6509
9374 6316
3274 1268
7624 4970
9846 6885
751 9942
1161 1510
5115 2661
7321 5669
7480 5842
411 8241
6982 9525
2657 233
9831 7543
8588 2971
7125 8339
759 5339
9741 3163
2334 602
7682 2151
4846 7568
7590 3832
8157 4572
2158 6403
2538 1528
2774 9199
6012 5613
4258 6993
2910 9833
8975 692
5916 1165
250 5202
380 8583
4734 3590
2817 9010
7525 7788
7033 5518
9714 5558
1235 4775
5451 9513
6018 7932
3152 6131
7744 1851
4525 3513
4847 2509
2890 7037
6173 4826
3211 3974
6737 2410
2352 2768
6280 1623
5055 84
3739 6880
8966 7925
487 2731
6753 3215
5360 6295
5488 2786
4076 464
3938 273
5416 5392
6637 1593
4700 7480
5067 56
5930 8550
2165 1705
4863 6223
6631 8348
395 5085
298 1172
9417 1468
5090 7071
1186 119
7487 4267
5873 7243
2350 8875
8243 4840
6182 6887
7148 5260
3963 4281
1365 2976
7564 390
7221 1583
4023 8690
7242 3348
8182 3567
6320 7872
764 3515
1576 1397
4513 7173
4191 2577
7771 1681
4582 9262
6404 1039
9225 2690
3330 3509
170 1270
3999 625
4294 8415
5861 398
7591 4967
1921 8971
1783 3001
7089 6180
8519 5945
5394 3633
6780 7600
4460 9404
4439 9563
618 1385
7537 983
8409 5674
1792 837
6770 6315
9295 5435
5749 2706
6627 9824
2714 7875
4756 8515
8369 9644
3454 828
9847 3081
2334 6251
7456 1985
3514 1061
9359 9924
2625 7334
6160 8244
2573 8944
2881 6569
7873 5182
9986 1700
7065 2056
8195 5878
3412 4298
3307 9675
1749 1263
9159 7843
7790 9676
2142 592
2033 4991
9525 2278
1388 1333
3652 2729
5842 8512
8664 2863
9139 2393
9449 824
9878 988
2585 6933
3814 4071
7715 6138
9847 1742
6468 9337
5845 1323
3279 7367
2775 5825
9982 4599
4722 7707
592 2548
7610 6289
2327 4073
6409 6446
2275 9150
3205 7166
3904 6759
635 6459
8601 5145
1247 9677
3119 4152
1137 9380
9128 6635
6246 8013
6352 3190
1185 9529
595 5277
7472 6093
8463 3465
9577 3871
3681 4379
8848 1677
2978 1225
9180 7516
7384 3337
3094 2570
3076 9831
8123 9556
1006 8942
1609 2908
33 1655
5469 12
5599 6134
9611 9879
7850 306
1151 7778
8425 6902
4756 607
5290 5662
6412 3961
1857 1828
427 6481
2429 3117
4194 5719
6570 6418
7976 9586
8733 3487
7195 1243
9463 436
3951 9968
7021 4533
5577 7122
2584 754
9415 4191
5503 170
5757 2977
1235 9370
9766 6278
3474 3809
9086 62
9654 8670
1121 6014
489 3645
683 8774
6648 1548
7534 6120
9982 8222
1201 7892
3373 9772
1053 9061
3335 560
9286 8427
3433 5996
973 4130
7699 446
7539 9093
1152 7210
4361 3892
6991 4015
6060 4127
9626 6607
3298 4718
1585 222
4350 2721
1523 559
3348 5840
4990 4587
4482 6517
5716 4533
421 8086
2401 8303
4846 3053
2235 6734
8140 4594
2775 5326
6575 4621
8589 7836
379 3602
7199 5928
1457 3928
9612 6574
5911 4967
7018 533
517 3108
3081 3880
9558 6042
199 2403
2599 1673
1227 5894
635 2590
9136 3350
8449 9476
6031 1974
7829 5188
3093 7804
2538 5651
9782 7288
1170 9411
8411 6637
5637 4660
5181 7033
8050 9309
2148 5899
5855 3480
6106 515
8316 9307
6598 3210
5321 8542
3275 7173
2024 895
846 6140
4811 5747
2225 2055
997 5017
9232 9197
2997 8271
7208 4615
714 3530
5142 3384
9242 7166
5330 1710
9306 4289
4902 3732
857 9156
5401 1284
2085 861
6117 5859
1504 9958
8541 7015
8715 8991
5970 1472
4489 248
4468 3871
5473 384
9667 562
8818 9026
8076 9558
5787 5104
3696 6702
5735 3263
3866 1898
9183 162
9751 854
6961 2583
4325 7404
6106 7728
1183 412
1015 7996
5696 8084
1197 2078
9210 1690
8949 6995
9561 1916
1881 2022
7766 6623
4222 8413
8710 534
7547 9501
4299 4710
9992 2542
4382 1223
5383 7211
4164 2915
703 7087
3291 9263
2815 1925
6878 3464
736 413
702 2843
2983 8482
7595 1482
9944 785
9688 5349
2695 8292
2593 3454
7405 6533
5173 2769
9634 2519
3268 6791
6617 7577
1951 3857
4680 1084
8274 6599
1476 8196
9276 9459
5578 7
8677 5445
396 6873
1822 5055
9619 9392
1081 1439
6196 9061
2711 7043
7194 1826
6345 3621
5757 7240
7028 7375
440 6404
3666 9982
4634 8747
2581 110
6230 848
4257 1413
52 6157
3221 7971
4936 6479
6014 435
7205 7225
8518 5060
4964 6476
3322 1209
8524 4332
4795 8905
7617 5745
7939 8121
3148 3817
8833 4699
2519 4236
6601 3389
9464 5885
5343 8586
1342 5953
7918 8358
7959 7939
9808 7353
1663 9953
9622 5162
9636 8784
1374 7950
5745 3946
8209 9153
2799 8739
2097 2250
8476 8759
6137 8881
2751 7328
8015 1155
3244 3865
7073 6555
7795 9231
3316 7864
3437 6084
3912 7158
3168 2817
8564 3412
1254 7187
2228 4783
1072 7474
5094 6465
5657 9180
2562 4605
7682 2688
7801 2081
2413 465
1286 2196
4102 7978
4967 488
1892 5429
7281 7395
926 5070
6233 7129
8765 7931
5102 5949
1015 9708
5738 7164
5107 1329
9849 4869
6523 6156
3132 3179
6361 6527
1893 549
570 5743
7940 7083
119 2105
2636 1332
143 6258
9398 952
3420 3860
5512 6190
7058 9038
7321 9171
6922 8689
1292 7190
6143 823
5930 4947
1208 6644
7287 1855
8563 10
9538 1843
5334 8451
1807 796
3291 8566
9789 8598
7790 2941
6376 9787
6996 6890
9369 6436
7482 8980
8805 6687
5593 7740
2969 5448
8264 2049
2733 9344
7227 10
1967 5607
4283 9359
1611 7313
7253 3015
5216 1928
5515 1941
3836 139
1273 3031
9093 5525
8840 5215
9061 2423
8956 3916
8008 7865
9013 2987
5598 2287
4199 7207
5961 4977
133 4217
1168 5703
1653 8152
4524 4662
2094 935
5086 5351
4882 1139
5205 7164
5318 1607
3393 6788
7033 1793
9135 2359
5318 7746
3455 7363
8434 2801
3665 1960
4188 6688
3308 8665
6663 6178
292 2061
1192 2588
5795 6120
8761 3894
6721 456
7958 9166
7775 7517
2043 5512
8037 5165
1333 229
3084 2598
5039 9696
7367 6846
2868 765
8472 958
6218 6289
5988 2815
5954 8705
8347 4712
1022 8457
3214 4443
3420 7113
400 2150
9251 7597
2181 4302
8304 6343
5695 4896
3156 864
9365 5672
3436 6658
7454 6924
5159 1922
3891 1314
2603 906
8301 3157
2645 332
3642 9982
9410 8984
9005 6198
9459 1022
1817 8003
6228 1136
9067 3733
2598 8005
830 1119
4089 321
836 761
6336 6004
5743 6275
7694 8473
7193 2478
779 7083
1615 5883
6230 7905
2531 2463
4589 3225
6803 9128
7928 1529
2446 4628
8844 4013
5352 8109
6681 6129
9675 678
8367 7496
7244 5118
1068 2307
7987 8938
7947 1830
9695 2666
2475 8350
5953 2780
2183 8207
1116 1657
9115 9772
706 3438
4256 4550
7228 3088
7218 7266
6542 8942
4552 951
9460 8413
8391 9674
8407 6299
7884 5117
8411 8457
9875 5315
2423 2419
950 152
5968 3444
8460 5081
4984 6186
6904 2489
3564 4228
9414 9170
5262 2934
7511 4247
7528 9722
6205 8553
6030 9265
8068 8032
2932 4151
3464 4726
9246 4133
7644 5100
506 5318
9022 631
3767 2821
1870 8111
7240 3838
1682 5915
5807 6416
4701 4402
7722 6760
1226 9742
6441 8787
8637 9225
6649 2106
4381 3947
8300 8190
3176 4767
7904 7148
4062 7206
9087 9847
254 9487
6755 4087
8210 5370
2449 6567
6795 9613
5353 9449
2927 7165
5765 6251
3383 8723
4915 4521
6867 3302
7977 9677
307 3806
7387 8270
3212 7414
96 3879
7307 8036
481 990
568 3350
4479 6379
1896 4061
1151 9075
8144 6619
8402 7414
4596 3530
1957 1095
7151 4531
1949 1736
8208 8580
2585 7403
7816 3178
5807 3208
3113 6609
1312 272
4951 9264
3282 2293
6428 9615
5652 3530
2014 3927
6973 1381
8385 8881
8955 7194
814 4015
5696 4799
7302 5526
990 1869
7258 9041
6529 4686
3715 2266
6627 3463
1871 3576
9996 6782
7566 2199
832 1377
1683 4723
9194 9287
6347 6342
8838 4254
8783 7528
9259 9026
7646 9914
5582 6513
9847 2745
582 5438
188 4343
3336 6817
3266 1286
2168 2396
9562 8780
9614 9922
3312 3150
5047 5420
4650 6528
9052 5587
2297 4853
8793 8440
7461 1153
6301 7194
7642 1976
2106 3271
2121 2519
3133 6273
5986 2765
5808 4667
7260 3734
2957 3215
3746 6038
2836 3251
278 1145
1151 7963
7340 9404
5336 1002
9442 6326
4939 1674
4326 8221
737 7158
3748 4072
8801 2185
5658 8865
6988 1538
8581 3990
6631 5582
2361 6446
3941 2831
5409 1777
404 9776
9850 5877
15 9577
3651 8504
1104 2445
2323 596
2993 3225
2105 2689
4214 5281
561 6322
2619 6573
2745 1900
2318 3031
2952 1671
6599 9088
2517 57
2333 3138
4247 1574
6149 5580
385 4649
282 6495
6474 9597
3081 6771
7273 1513
1060 5974
4498 9054
8714 6315
4456 8584
8629 1320
6912 8117
6098 4523
8094 1677
7698 9618
5673 8641
1295 5646
9699 1306
5823 8152
3564 6159
7825 5426
9657 8167
7210 8744
2401 3608
1020 7753
721 8172
3229 7596
8849 2090
5631 9752
9559 3149
7074 7143
1834 4034
1209 1550
4001 3926
5105 7374
7100 3418
3536 8289
8117 5799
6033 8244
7997 904
6735 4846
8412 2343
3250 3567
8312 8780
2571 7151
1595 4323
7816 4122
8851 2838
1978 8271
5407 4954
677 3420
1544 2550
4216 769
6459 8677
6154 1620
6613 3046
7803 2999
7291 3791
3632 1581
431 6109
2107 3455
8217 4962
9317 2646
102 2854
1982 8239
9180 5037
6811 3957
9945 1479
6011 1301
7778 3883
1479 5001
1051 5600
4548 9968
9798 7712
9350 6804
6359 2546
1916 8174
7901 221
9295 7288
6708 7105
1184 6968
5860 7370
1682 555
6284 2781
6827 5010
5158 9213
9781 8262
7535 353
7409 5856
5669 2128
1330 767
3571 722
7349 2081
3817 6292
3815 946
9624 7420
7492 2741
7463 5392
6181 4864
8186 888
5128 3564
3939 1979
125 4102
5506 5669
6213 9012
6269 9946
9862 2112
9973 8471
1584 8907
8141 9392
1109 3
7620 3593
6853 7443
9559 357
