2000 1000
19 1343
1138 1366
756 63
1587 1444
1462 1413
1158 1184
63 1238
1273 1595
1361 1046
451 147
111 201
949 1574
771 1799
1565 1924
297 403
937 1292
614 4
181 1813
374 1718
260 520
546 749
1567 1786
1825 541
658 1849
1658 490
1927 1608
1166 829
1857 255
371 927
1376 1915
204 244
221 1939
748 1690
1741 1156
1864 1091
1501 640
22 1063
1647 9
768 765
1927 1527
1691 1435
1455 78
1895 1501
956 113
709 720
1757 340
1637 1959
945 159
1502 1739
299 1103
170 682
1006 1999
1879 665
1896 669
1410 684
1551 1552
1834 156
1678 1078
768 1494
1747 1970
310 1036
1646 729
742 1942
80 738
862 1139
194 643
359 1791
803 838
1997 1641
1057 1021
654 905
1996 974
157 551
1821 1416
98 82
1237 1276
1857 155
72 922
446 945
1434 318
134 695
1776 1455
706 1016
410 301
133 247
774 911
170 1756
1547 1990
1559 1871
1790 91
1522 941
647 213
1779 998
1429 571
82 315
1000 1696
1836 613
772 375
1470 1898
2 1155
1269 943
564 1957
1796 784
1718 1162
22 512
1807 374
743 293
610 904
1816 731
1931 1366
1759 1119
873 1098
1779 1456
900 1111
1629 1559
1413 1338
474 676
1180 314
109 820
440 532
869 1314
1147 1565
585 1626
1927 1411
1573 1080
1041 723
488 493
1193 116
902 1286
1526 27
1834 493
750 18
230 1504
1820 323
1810 816
276 519
364 532
356 603
250 529
1101 1555
1217 448
1747 949
393 128
1285 1023
1763 1315
1080 494
671 1700
1917 1225
933 1831
931 1374
694 302
1775 1020
97 19
717 18
1892 555
1421 875
38 844
1007 1477
543 1162
1926 516
1668 1523
391 1
833 154
1264 835
1121 1828
1491 722
1385 618
1799 702
354 1734
1906 917
896 341
1429 1836
265 1677
600 1971
1613 599
399 1176
71 143
459 894
1650 344
486 1122
800 1336
1341 917
1761 580
1079 775
426 213
1350 1975
976 1722
68 1778
1369 181
114 1109
1473 641
1593 1623
8 89
899 1218
909 1034
1086 197
1286 900
810 1223
1468 554
23 1302
121 1990
1406 125
1518 213
894 78
780 1258
1600 1836
741 450
234 872
1886 481
272 420
1569 1950
1669 652
306 1250
1763 1204
1622 976
1455 714
565 1379
1732 922
1215 1142
1238 1421
575 682
165 886
769 672
943 268
1832 1261
1722 65
1978 506
1709 78
512 206
1865 1731
489 1078
599 1079
970 216
567 101
1256 799
1472 387
1184 1256
1566 888
67 1347
112 587
221 1682
529 521
1324 987
63 1097
83 263
1727 905
1242 1974
1542 1589
980 1002
1280 1381
1664 1514
1436 1243
1677 51
1429 1169
1454 953
331 1606
1136 1996
240 1041
1817 1373
1635 1364
248 283
563 497
120 1011
1648 887
414 491
727 323
1264 565
338 1692
298 353
1691 1076
1807 1925
1765 132
365 311
804 1958
1293 817
744 1317
1196 1095
231 89
949 1502
1370 1963
1340 1742
1915 1929
850 89
822 638
249 281
329 1667
1930 971
1494 909
935 1505
659 1553
1837 122
627 1157
302 186
1894 1591
1380 254
1814 1949
1060 756
1117 485
871 1250
1661 1574
837 1285
764 1302
263 370
29 1025
1548 639
1954 1494
536 1122
1044 179
605 771
116 837
991 191
447 544
1580 839
626 1687
1186 839
1034 1790
984 337
861 1151
859 1043
807 83
781 571
1227 1115
904 1811
1080 237
719 1252
1649 1072
694 1994
1537 351
1737 302
1884 1771
656 1119
216 1404
137 815
1972 190
695 1129
1592 1902
88 771
1393 1603
39 354
501 1260
1640 495
859 445
300 949
1781 596
1026 60
731 1653
1563 453
258 449
1420 1534
777 133
1701 406
1760 1077
838 1681
690 958
1847 31
1327 1686
1005 759
40 77
1542 1160
33 364
1310 1134
1180 1689
898 1173
950 602
1682 1371
1492 30
969 1751
1231 1803
1920 944
448 600
191 354
396 776
1181 1114
1301 270
856 1683
180 1228
834 1907
637 804
1137 1022
1596 1600
1301 1154
1784 1338
1606 597
95 1910
949 95
1287 715
1576 256
94 850
861 677
763 1526
1394 1123
668 542
606 1685
1828 520
1365 311
526 1863
572 195
875 1853
77 1095
966 1464
588 614
1632 548
1888 520
1604 833
1884 1390
774 51
1538 1854
1295 1208
768 1782
1840 259
394 58
74 851
1366 240
582 917
376 100
862 1084
1757 1964
924 1700
496 463
1451 760
558 244
1739 1337
767 364
1342 1440
757 1211
827 85
1092 849
861 565
1099 790
1963 1879
1354 821
89 731
1216 677
378 42
1764 949
1737 1150
774 1849
1488 1306
335 987
324 803
906 1255
99 1911
1793 1712
52 1192
1851 1744
135 965
1876 1449
1911 546
521 1284
1385 965
465 863
1794 1982
1424 391
1770 1439
1264 1461
854 962
786 195
814 432
1863 1659
1645 1295
1915 1516
1421 1733
377 1005
627 1273
923 1747
1512 1330
1904 1870
1813 1778
563 1918
782 1398
1912 1278
1136 1285
530 825
1975 1962
1971 1977
1698 597
1723 25
1575 679
1960 1887
1816 964
1684 549
1574 1362
1485 562
211 1763
1154 1784
980 1266
1577 599
223 663
1858 265
879 971
1848 1926
1394 46
1637 242
1344 1323
997 1752
1393 305
1483 1079
1862 55
303 263
1150 485
392 667
79 1457
1413 386
1572 431
1188 1931
1282 1895
1196 66
1308 900
883 1447
1814 669
246 1110
938 199
609 1166
1512 1598
202 1902
1546 1147
1922 674
1877 1485
283 1181
1919 252
1200 1296
1405 1789
1733 729
611 1728
1191 685
1424 1506
486 414
483 558
841 765
1160 1608
1867 532
84 1915
974 1604
169 1829
335 719
437 1134
362 389
1795 1421
641 1326
853 1308
1674 1555
621 976
222 790
38 1143
586 1306
1324 1853
3 635
1392 275
107 912
1784 851
774 1906
1868 315
642 562
838 358
926 1239
1409 1537
1806 396
1116 335
1158 1848
575 98
1024 1276
1693 730
1102 701
461 1129
1309 870
773 1545
1453 972
1915 398
314 503
1550 1924
623 1822
1733 1476
169 553
721 1784
429 199
32 293
141 1533
1830 1836
1528 235
1606 944
1866 1321
1374 1030
1368 371
1429 207
1533 808
710 1748
673 717
1187 545
955 1158
52 1098
1454 1408
1448 1351
1194 1155
386 1589
364 1507
383 622
186 1653
1196 1900
1990 1883
487 1132
554 2000
843 1538
580 1137
945 1716
1485 1723
1001 1426
1169 985
1646 277
281 751
1750 1483
43 349
978 948
517 1546
1072 986
1552 886
1921 1901
1280 114
1994 1554
1875 687
447 1974
1773 1341
1993 798
553 1855
1228 3
1343 939
1058 637
1370 78
878 1951
1414 1965
854 1460
1665 1229
1519 63
1522 826
1630 1579
667 1320
256 1733
1536 948
1973 1612
1189 386
1252 1907
1730 1809
1731 472
1976 1438
1692 319
1518 71
334 144
1485 1139
1846 849
1153 654
547 1163
259 1086
276 384
955 1720
1226 1117
1098 1044
1893 32
703 1727
967 745
714 488
1794 1030
542 773
1469 1672
1314 1330
821 1304
1955 1162
1970 1255
723 1339
100 622
603 487
579 1522
1246 842
128 447
83 1035
1561 471
956 1726
1795 1942
94 1966
618 1904
1495 1064
793 1580
483 1429
1479 1860
815 230
1959 241
665 1410
90 1483
96 1520
480 290
1148 1624
278 1731
1511 181
132 102
1396 728
1321 130
1816 933
1801 1226
1352 1107
592 1076
1191 1003
1378 283
344 863
1507 1231
1871 630
1759 1917
330 1643
1428 1270
877 1432
1023 1796
1022 1193
515 1044
314 1436
815 586
1588 160
809 157
1696 183
769 71
1327 830
1416 121
308 611
401 1991
921 1093
1664 1682
88 591
1329 280
1575 1557
307 301
355 108
1695 1045
402 1345
1513 193
460 1154
1778 1363
1496 1768
1292 1408
1387 1896
93 268
774 1025
1873 372
1545 1297
1162 1269
220 704
1274 999
1691 1129
970 508
135 361
663 1028
781 1900
1910 1783
1146 1699
566 1333
1540 625
349 1472
963 1919
462 1290
683 558
713 1464
27 585
1307 86
1279 1313
1495 275
1260 1601
396 110
62 711
1135 672
1866 142
1865 100
414 1630
1823 1315
843 25
401 1632
781 758
938 1989
1224 1016
262 680
336 1126
473 773
1670 1002
93 746
78 70
776 926
1789 1356
66 1558
344 1900
958 1299
810 594
688 717
1719 103
289 511
1113 957
165 139
1042 715
1955 42
1882 1189
1515 1370
212 1161
1817 148
885 1542
682 1987
210 148
1001 167
146 823
1852 484
894 1024
1740 1371
476 1608
338 902
2000 1237
37 1973
789 1252
1053 217
889 1320
812 732
596 1211
133 707
1571 1561
1802 996
1336 1425
86 1036
1321 323
349 906
974 1665
1825 296
494 1882
761 1148
1393 364
1925 1084
461 671
624 109
1610 316
1952 599
1388 545
1064 1826
1561 402
332 1223
1391 1301
596 1601
477 1212
858 1282
807 1348
401 947
1475 156
361 348
1810 1586
1606 972
1462 833
486 314
1995 716
1168 711
1372 88
220 1797
582 1444
294 146
899 365
939 1292
169 1027
1081 689
1120 1776
785 953
1312 1257
730 1547
1203 445
148 567
252 804
908 1921
566 1912
742 1437
1473 1303
300 1876
462 1326
1031 1415
1156 1719
699 33
1358 1344
1006 910
1999 1550
1036 1218
1928 901
749 245
1193 1946
1185 1846
285 520
515 1837
1161 1340
480 1102
785 1931
1983 591
318 1835
1155 594
1412 876
1397 1322
1226 1513
795 1669
1903 584
876 892
908 1119
768 1218
266 649
76 1182
1554 119
972 1890
770 1086
1113 241
350 245
1110 738
1905 1920
325 709
470 287
1043 331
286 333
174 107
157 722
355 694
422 326
333 281
1918 418
1364 30
1529 652
95 561
48 1974
1492 807
954 1924
335 658
318 1812
1897 1689
1535 970
1710 1878
714 927
246 857
1357 759
1878 215
1304 1970
1103 283
1929 1698
374 204
1584 482
1749 483
1591 1052
549 1428
1041 1110
1757 1485
1389 1044
975 1242
625 431
499 856
1968 1936
589 418
1652 1814
1704 492
1585 416
1901 1039
1734 1589
419 277
817 1205
342 648
60 763
413 1614
633 21
447 1822
1534 466
1089 1072
1564 750
1970 32
384 640
278 1239
1006 858
1104 1279
1382 742
515 1472
346 701
233 1251
569 454
25 1305
1521 1268
1252 1328
958 847
1034 756
1569 1011
1696 1253
950 1736
1836 1835
272 1230
1244 1607
1786 1869
835 270
45 1079
1627 1838
1326 752
976 1572
766 935
180 126
1592 580
1176 1177
1477 591
1747 460
276 1371
600 535
381 1667
645 1847
1185 126
1079 1202
