2000 10000
1907 274
87 229
613 1728
1554 955
1057 753
921 476
324 632
312 96
264 963
1743 1410
876 1568
1908 287
153 1485
684 1951
463 1476
1463 1531
553 620
1965 705
1624 1021
1915 1970
887 81
818 632
1003 572
1233 259
1343 962
1605 1531
1472 1257
482 101
318 1991
697 1928
173 1088
179 63
515 697
532 633
826 794
921 754
818 858
413 1890
1524 1800
661 972
1437 1903
499 907
1610 1125
615 1333
840 845
582 1478
1882 1545
1987 597
1807 230
1405 984
474 838
113 1934
460 1205
215 1610
1483 1503
1118 130
450 1163
1068 883
1840 1948
1765 1721
81 569
370 1138
817 662
834 1829
1119 1600
692 699
141 395
311 1875
201 224
241 947
1550 478
1167 1278
1719 1597
1402 1479
1715 453
1457 142
60 1877
1759 701
273 1614
167 1497
1572 428
1106 254
1067 1036
573 731
1186 678
251 565
35 1504
1741 1220
1946 156
825 1498
1163 218
1623 1248
1206 1928
1809 620
1059 29
37 1173
414 824
107 838
915 1013
664 51
1063 957
425 1537
466 1455
1388 1210
491 947
503 1556
1912 152
1433 737
1199 1266
1408 394
1180 1146
1320 1081
529 1096
22 1167
234 1205
1263 104
1342 377
1269 775
1532 1022
112 1832
759 78
1921 1779
410 1707
1920 1962
1793 348
35 794
33 944
471 850
443 235
627 1000
1415 1429
597 128
924 80
1334 751
1193 905
1476 1812
160 446
784 1382
383 168
1928 1591
1994 1612
566 935
36 918
1584 1588
774 940
1826 1157
1383 616
1217 1857
503 880
534 1900
383 398
1837 1071
1256 1620
634 456
1838 1406
1117 397
1227 341
934 1457
1397 941
479 1116
1699 975
667 826
1496 402
88 411
1129 1488
483 998
600 502
605 1711
1351 1478
488 1380
1986 1168
381 1767
1112 1597
698 821
1562 383
1100 216
1387 722
706 1041
1051 763
575 1637
593 1761
778 217
1646 1260
912 1551
366 130
1431 632
756 270
1988 1899
1148 536
1440 216
490 1418
327 749
593 223
1368 523
1665 393
1494 1355
837 988
1762 731
1966 1789
1 89
630 889
850 601
1101 1617
433 939
674 235
434 157
1003 1149
1160 1726
334 1493
921 1410
854 1820
1561 1898
1272 1373
704 1433
11 1059
10 1650
1432 1697
729 1854
701 484
1695 416
369 838
36 581
883 1114
1 1166
991 111
176 1618
153 650
1939 3
1463 1217
1579 24
701 198
1218 80
1895 1454
1113 190
1650 111
188 393
487 141
1104 343
1088 1187
1752 483
1678 1807
495 1106
1115 1445
52 37
965 1438
338 1712
227 545
1388 38
1493 1928
251 1703
730 1604
749 1234
1499 1268
92 272
626 1912
1608 1472
1055 591
1800 358
882 1909
1679 1818
1181 1329
155 1755
1872 648
592 1314
573 545
388 1303
1415 1776
228 982
1994 951
1186 1240
694 287
278 1314
668 1022
1353 1698
1977 856
1537 1851
909 688
1048 580
1484 1060
1090 1519
1024 1789
564 686
1301 1843
1868 1154
1850 1429
256 207
878 1694
667 1199
358 518
1905 1944
1989 626
553 1433
118 1043
396 811
903 1416
1386 776
687 1133
1501 1981
88 1233
1523 4
381 596
1503 1423
1163 1984
1699 146
929 970
1907 87
1043 1386
1586 1492
1858 529
1309 1665
248 1158
912 771
1449 2000
23 1679
1845 1618
801 1973
511 840
1880 999
1456 515
279 1570
445 1390
1763 914
256 1029
843 123
1413 187
332 1788
1163 1420
1167 76
109 1638
71 161
54 1937
1952 146
1256 1919
1532 1748
724 428
1761 1115
882 1060
803 523
1217 229
848 640
1147 356
1706 419
89 540
37 452
1253 1392
944 734
1406 610
325 1709
1247 1466
952 1293
63 725
1432 754
1602 1938
1751 1003
117 1724
1933 90
464 1371
163 144
811 556
1496 1966
1761 940
1925 1131
1426 1839
674 1992
1619 314
163 865
36 497
832 1196
1917 545
132 1068
1241 1748
1391 1742
69 1655
1490 13
460 1844
504 1916
1675 1834
187 1177
218 1566
1716 1158
778 96
1516 924
855 114
913 1807
1762 528
571 1723
1357 1592
116 1464
156 291
1628 1685
827 1214
1693 1539
739 922
1769 1040
719 1424
1262 1387
1387 1354
1176 1893
633 1388
1537 936
446 447
782 309
569 168
1229 1979
1644 1237
77 577
1883 91
1422 325
1620 1386
978 883
224 1034
277 1264
1278 1086
727 1324
1048 1685
1226 415
1623 138
1360 420
1780 1227
69 467
1408 561
1292 951
156 1529
283 413
1830 179
658 195
1958 1704
1967 1610
344 780
163 368
1170 1549
672 730
283 887
625 542
1432 1665
888 312
1690 691
1411 78
455 814
1117 1009
1480 619
262 1738
1582 1004
678 1730
43 1557
1865 280
1152 733
372 1979
1389 886
1227 1639
1871 278
698 795
697 1476
1040 1350
21 54
807 1425
63 943
1807 714
1980 174
916 197
588 1066
56 1451
1146 1282
757 1645
193 1744
887 1534
869 1631
1504 462
1375 1349
166 520
205 27
792 1678
1169 1176
464 1999
948 1733
113 644
1967 758
1553 614
1774 912
609 1188
718 1606
263 605
1834 1468
965 1859
110 1994
182 1623
1503 1479
26 823
998 661
1412 1017
1307 573
727 1490
660 757
263 1252
323 1725
456 806
437 941
504 914
591 1100
1223 335
305 615
914 1863
371 1794
353 275
284 1691
1868 23
782 930
66 1375
600 1979
587 1955
654 1964
510 1834
245 1348
1914 418
272 5
654 1815
922 963
1667 479
677 1551
1411 622
434 809
370 683
633 23
1672 1602
1427 999
329 1878
471 1783
1398 270
39 1491
320 1599
1850 1069
310 1646
1914 1548
223 1159
1900 219
1934 694
1225 85
1381 1790
867 1244
1417 414
544 1430
1153 257
487 611
1723 25
1322 1956
200 1943
223 649
465 65
1664 1479
949 1802
160 1509
899 1126
1486 46
867 1466
6 48
998 452
391 750
1653 832
665 1666
1554 1137
1974 178
746 500
198 859
1008 723
1995 1123
1146 1909
60 1124
1194 328
1881 1883
190 30
708 991
1779 52
1741 1579
1824 1241
1531 1555
840 1470
116 1797
887 24
1957 648
1231 951
1660 471
263 1369
196 780
160 298
875 1781
642 96
1324 1162
681 152
1691 1161
373 948
1904 1680
912 484
217 344
55 1608
1487 639
511 26
212 101
1210 812
1930 1993
1878 215
823 1641
1171 699
1098 1036
329 16
112 352
746 739
693 920
1638 786
534 248
1749 219
1000 1386
1938 1978
70 440
517 1115
200 1606
1274 300
42 1449
262 366
230 50
1561 1170
1769 991
96 50
1762 515
1665 1276
198 1275
584 1595
1876 432
1607 1684
538 824
1880 1843
521 147
179 480
320 1337
167 773
258 995
462 323
981 1489
1225 1927
609 816
620 1315
234 482
1623 607
1704 1771
401 598
1067 1909
961 1858
985 688
620 1473
1358 243
794 1110
1623 1417
1556 1898
1870 551
1414 1964
1640 1723
733 1391
1860 416
725 687
1538 1724
90 1626
1942 730
954 1155
1219 457
1718 957
941 1203
1282 1477
109 203
1566 97
573 1448
1094 1034
820 427
1140 764
661 837
429 597
691 446
896 1110
395 1457
1709 1528
277 737
1818 1596
1863 468
863 1678
257 910
1163 790
62 671
891 549
1157 488
80 1158
571 921
1825 598
1458 89
21 857
546 895
656 227
696 1104
807 1860
660 1991
479 1431
1846 1151
1872 1458
748 1672
450 1095
1673 539
202 740
1904 772
1757 309
1032 698
1923 95
1309 215
1157 1819
271 1220
1642 1283
858 590
1745 1382
1850 1364
449 999
1093 46
602 1640
328 927
694 107
1321 659
1826 592
169 1056
265 1825
1942 186
237 933
740 1868
1990 726
636 301
1283 1476
1066 988
1485 918
958 878
1646 1927
1265 628
1596 1270
1502 548
1441 1821
1971 1248
1257 984
1933 767
1874 1823
1208 1480
532 182
1673 1794
901 7
1313 79
1705 1265
286 1605
1727 884
1140 562
204 246
1824 1281
1939 860
1757 701
982 461
1466 1338
267 1448
1247 467
1894 1802
1006 455
371 1976
59 1098
140 477
489 375
1599 31
759 1599
1060 1349
1867 863
1202 610
1245 1131
1819 528
382 1375
1491 579
445 681
1889 852
433 271
1170 1198
170 1226
1235 1434
101 850
769 440
1973 1672
283 269
1205 574
1172 1449
109 755
915 1984
1786 635
1627 1353
773 1442
44 566
720 458
1317 37
1358 947
896 1765
990 1183
1228 599
1924 1056
1157 1629
1049 1916
1144 1704
1119 1747
984 635
1877 319
1623 1839
1035 1294
672 808
489 76
805 708
1836 1460
1013 1365
1198 101
1059 289
1145 354
1730 1514
1057 960
631 1654
1041 1647
590 1192
239 1666
1211 1559
1434 438
1949 1045
1113 877
1593 1083
50 1289
1155 624
89 670
934 1585
1952 962
244 1883
1614 649
707 121
1738 1707
1117 702
1728 461
774 1232
422 372
213 337
1005 277
1671 34
1161 685
1204 725
1773 1508
227 1601
1562 1315
983 290
1621 1796
1054 435
1613 1972
389 791
859 1757
1028 1496
218 283
575 485
1776 834
155 486
1160 1313
1504 873
130 568
1655 1766
1735 546
1532 1855
1891 1793
1813 512
1002 1034
1064 1025
604 960
171 1501
1073 1365
728 194
1479 113
824 1409
1121 1405
920 1804
1523 1365
599 1130
1873 1291
765 1194
984 1839
150 1928
248 278
466 309
351 353
1280 887
288 641
254 1536
1243 1452
13 273
1318 866
755 630
1108 178
279 434
1518 805
1657 863
127 772
535 253
1508 1243
1920 913
17 1484
1358 681
20 689
1512 1401
1846 898
1683 1414
1279 233
801 1168
360 1952
1432 602
1714 16
995 1810
706 166
1508 1081
671 3
200 164
350 939
1947 442
757 1600
1399 1201
266 1735
267 854
700 1428
1197 72
1215 1283
30 443
1685 1583
1690 251
881 713
1233 1916
308 1621
938 1740
1000 233
1058 1613
1868 1150
768 1758
718 1443
1177 341
854 375
109 452
309 1794
1713 276
669 34
1812 424
1672 731
947 762
1818 633
522 788
1359 667
1716 1548
1040 713
1524 1085
438 1444
458 302
1059 1607
217 189
588 916
171 1448
287 1622
1342 1936
1857 412
570 1386
1179 648
61 101
671 1532
1849 240
124 1739
1950 1558
696 1879
1155 304
1462 1244
1583 1936
762 1581
295 937
1952 86
1719 1931
860 1301
1073 1016
1212 1108
419 1257
1577 1813
1706 1775
1723 1223
1582 954
271 1138
1936 1972
1074 117
1755 444
1095 457
82 1943
1652 570
432 1706
57 1631
440 593
271 1251
1714 165
1256 1279
11 58
7 1765
651 1606
1032 1744
295 322
518 1779
726 1698
565 1340
1126 131
868 663
1473 1299
1794 495
1355 1263
345 630
1867 1032
145 1991
985 449
967 626
1270 1097
368 512
1184 1380
1750 1067
375 199
879 215
1052 1143
1822 1655
1094 1758
841 2000
1544 1297
138 1378
1973 846
228 330
1793 504
1496 1512
718 1369
1286 927
1694 40
1308 739
153 1383
151 948
520 1982
817 1208
157 1463
1122 1792
1940 488
253 1070
1045 716
1010 1707
1435 736
996 1514
1309 1951
1504 31
1572 723
507 1011
1927 1587
1848 246
154 1926
662 481
846 1678
158 1952
456 1186
494 862
223 1892
1328 1374
732 706
1547 629
1384 1297
978 574
1975 825
1745 1800
1851 1243
1566 1783
668 1577
1912 1499
884 1344
744 1331
1450 1635
426 927
540 511
1598 354
1401 96
390 653
1116 525
1332 1300
223 925
1314 1768
195 1213
793 633
1779 1080
292 1306
1575 1333
1125 698
650 736
978 21
1116 339
1958 580
260 1999
95 1040
910 769
1359 878
1206 1955
158 181
640 212
125 190
1690 1546
424 1139
1809 534
1646 1045
412 1740
469 524
420 1515
98 1693
1771 452
1921 109
959 1774
603 76
106 1964
934 1780
1539 1959
828 69
773 1956
112 1712
1505 1305
447 1296
1622 1017
1495 780
860 891
647 1163
1345 1761
345 1771
1101 952
1984 820
1857 570
860 1002
258 1322
263 1299
50 348
10 1072
1836 700
1195 204
1488 338
1484 1859
1327 443
1315 1411
1211 1234
293 1965
1459 128
900 375
1220 1036
1802 1209
1444 628
1119 970
710 1550
606 155
1304 1779
644 892
629 346
280 1415
1785 539
611 880
135 904
1784 969
754 1164
1105 1802
254 1652
205 1200
1617 1219
749 947
53 1100
19 980
439 167
1989 643
249 1437
923 634
1298 546
1519 724
285 869
1275 1968
1753 320
1751 1237
1150 272
561 1722
750 898
326 686
1384 1880
1751 1098
239 1820
577 650
346 1675
1752 823
231 628
1743 123
805 1317
65 654
750 1995
822 1924
1004 1823
1521 643
1160 891
755 247
477 1861
961 1176
1428 154
165 1612
456 1600
1841 1063
1060 846
492 941
1516 785
417 1543
1874 803
489 536
355 931
1441 172
636 16
969 1187
1636 753
720 1783
501 1688
176 1145
1223 1579
1669 1693
1804 736
1114 118
1319 1721
1871 1148
954 1067
828 282
495 1893
1760 1335
53 341
89 1453
1570 1403
258 1697
1792 262
670 746
1598 1022
71 363
130 347
1284 1694
304 586
174 380
1481 96
1142 325
407 794
1495 891
675 570
399 922
1048 1199
401 1590
774 717
1861 1563
598 1278
136 933
1313 1889
1777 772
1228 628
1911 721
1023 1956
1967 227
276 1921
871 132
845 1854
747 378
1311 1597
900 830
48 139
320 1440
1393 1065
1409 1804
312 1648
1490 1757
191 1816
282 1636
1760 447
1053 1979
1502 536
202 799
1681 370
1882 846
980 738
1251 1461
1270 1523
623 1606
751 1661
830 1584
99 518
266 1623
797 345
86 768
1158 1842
204 379
61 1502
131 1079
739 1450
1848 816
870 1664
1720 1103
753 406
1692 1165
1989 1219
1841 1969
1200 1585
605 1372
883 1424
1633 810
711 426
250 1479
1517 1673
308 463
457 1971
334 1099
1369 414
1544 1942
621 803
1519 352
769 996
73 1495
550 1571
792 515
1736 338
1438 926
1845 1772
506 51
70 720
161 596
21 1076
1319 1586
450 522
354 1666
1841 794
1574 1808
1416 1762
1983 836
131 10
1222 1670
249 109
1239 239
837 1728
1122 1550
1254 815
645 541
1256 1572
1163 1232
326 810
1677 763
1059 700
1534 1394
1858 1764
1656 1076
476 114
1248 1864
683 1412
756 1750
1098 493
230 1142
1486 1612
1383 1808
1131 1939
766 454
15 940
827 78
793 82
526 1646
1152 647
1313 1135
893 961
735 1954
148 242
1346 1221
1717 1010
1862 133
1789 1885
700 1482
881 1278
1803 385
1421 1618
414 228
628 1636
1630 489
1881 1130
207 1179
834 691
1594 321
529 1515
741 54
1880 1730
624 1362
1783 772
668 445
1116 1559
1849 742
1171 462
1151 639
1083 682
1198 1737
1873 1797
543 1605
256 526
1012 959
114 334
24 1562
343 1455
416 964
377 212
1457 1135
1660 1618
1206 1314
393 500
1979 690
371 1373
1983 154
210 1780
352 945
1660 1729
1030 247
1067 813
552 1294
1237 405
1679 34
579 727
1942 1840
1082 1698
1154 1271
1268 1225
1184 126
1331 193
119 1575
1261 384
540 329
1777 994
1122 1951
1979 1450
359 69
1747 1418
1754 1894
1256 1455
1094 947
1646 1965
1172 921
529 873
269 686
648 1545
429 1788
120 1016
1421 178
283 1022
216 1725
176 905
1253 1410
1028 1871
785 545
1467 973
1231 156
200 1779
547 123
52 1723
838 1582
115 945
1357 1346
1964 1326
115 93
1355 1085
1342 773
337 68
995 142
1426 1119
185 105
1434 626
1627 663
751 1973
1816 55
1430 1774
1860 119
1612 1744
1153 779
571 354
1999 588
291 1218
496 1540
123 1269
1222 1183
765 576
927 1329
731 336
878 417
1625 660
1114 1899
1280 289
910 412
1507 1932
1604 1638
1614 335
103 1343
1778 1544
1032 273
11 1354
1069 1983
29 264
841 1551
1444 1490
1091 1951
94 365
1210 1063
694 1916
1871 814
1923 1284
790 323
1716 57
945 76
600 81
947 292
1469 119
421 693
1549 1363
1666 1925
32 636
767 124
1683 326
805 799
864 1717
709 435
821 1801
158 1407
751 491
305 134
1813 1920
671 84
304 122
1079 1755
1946 966
956 1618
452 1418
179 1255
492 806
933 1902
524 1050
232 379
803 334
931 261
406 1037
277 1915
1113 883
1815 1762
434 1914
1251 1513
1548 203
1218 1422
83 1717
1853 1052
830 375
1702 1899
586 1243
1541 1115
1584 142
1382 659
968 1431
487 1697
269 1646
1253 142
1842 1885
703 173
1830 534
1076 1701
1483 441
37 1891
1057 1816
1567 765
1700 1490
45 1988
234 1363
488 1663
308 266
721 1559
1078 1825
375 1878
382 1328
131 128
263 1415
546 1249
821 1449
770 1017
541 582
727 1043
1203 1641
1887 391
1654 516
1909 1175
1502 1751
849 993
1291 1814
3 1823
1538 781
1561 1512
476 1964
1681 787
1972 310
763 568
805 819
168 328
1899 347
614 397
1941 1134
1965 1644
1591 726
876 543
1283 233
811 895
1654 1753
1604 722
1311 1491
200 166
1789 1595
263 388
848 1395
1511 341
1296 266
197 519
1174 367
1881 1037
1491 1753
1604 274
873 210
1406 452
911 464
461 1540
588 1839
1456 1864
1590 1460
390 1825
490 1049
840 1908
1102 108
731 1505
291 1980
1926 1624
1287 234
653 214
1071 1843
9 375
567 543
1047 1322
625 1415
1757 1333
546 1601
363 571
128 366
1429 998
1488 110
795 1014
1173 1317
1537 917
372 983
1044 131
281 733
654 1619
461 1147
611 1618
39 1234
931 1383
1030 325
1815 1951
219 1866
1505 1171
125 1808
147 1202
1838 1898
1567 900
90 1064
1407 1773
1191 432
825 109
793 1321
128 1496
1608 1141
1130 761
957 651
1528 1337
1619 1033
305 1004
1814 1676
642 421
1324 713
254 1677
220 1116
1816 1169
1870 1860
1605 1813
619 1646
415 1219
725 1777
1671 1454
540 1054
152 1863
1971 368
1314 1589
1841 1208
1874 884
13 1638
896 326
1220 1244
1894 856
1241 1527
1589 1158
332 1372
500 654
1845 1528
285 1279
1696 920
194 992
959 1558
1193 1573
1472 599
1960 1392
778 1956
1301 1696
714 1098
1081 1861
1487 1877
19 1892
74 1497
663 867
775 357
1575 682
597 1729
635 1320
654 1378
494 177
868 70
6 317
561 554
561 730
1109 677
1064 1838
750 209
386 626
1473 698
320 498
84 395
1205 99
758 1330
509 1262
1364 1732
3 655
1920 1942
1374 1013
307 29
1272 1115
1292 824
193 134
925 589
1062 150
431 132
143 560
382 1318
1405 1964
538 1838
524 1357
873 518
450 1438
435 866
1604 1200
1075 1922
1987 636
1184 127
826 1528
997 1421
418 630
519 572
206 457
1549 1727
157 795
1673 911
479 1424
901 1464
156 934
1702 258
434 1299
1255 59
113 1360
51 1530
1112 1785
392 754
1606 44
1372 967
1890 772
1874 385
1357 1345
1860 956
650 369
1872 1890
1724 131
1463 169
1579 1152
132 805
1272 66
1526 1739
1001 1720
1261 1354
553 273
1958 1316
1891 771
1106 57
1604 456
439 694
624 816
1213 920
1107 1677
1023 980
74 1533
1953 449
328 608
1157 1389
614 1310
354 480
1209 162
1207 507
359 1117
878 55
1160 1658
167 366
228 360
1368 1041
1708 1959
852 1711
1137 1524
607 1836
1653 287
1060 1122
1106 416
1584 336
81 1255
1365 867
1610 1420
1723 615
177 1464
1375 440
956 858
225 1728
353 267
810 1948
1193 801
1565 9
1880 741
459 739
1573 526
1605 1336
1912 438
1264 1582
1467 1155
426 1119
153 957
1682 502
1615 98
1948 85
884 650
1475 1001
266 631
393 775
1429 1431
1645 1634
97 89
350 1653
652 135
1981 396
845 690
866 655
1755 1492
1937 1006
836 971
812 485
1819 462
664 636
69 1814
1399 1928
1936 162
656 480
806 1992
856 1165
261 611
633 458
605 1640
1341 608
811 925
223 1101
230 1783
393 772
376 972
1156 1452
681 1465
1583 748
999 1153
1459 861
412 1699
1468 724
577 1769
81 410
1918 68
1918 1848
801 1589
91 193
829 947
1683 708
648 1181
748 677
694 775
1994 1380
1872 1674
50 1273
333 614
1498 1800
429 1383
749 158
363 495
1769 1651
1965 544
1696 1531
1326 1194
528 895
626 314
439 1231
1726 5
6 743
1730 1706
388 1990
773 848
612 1992
995 960
604 1593
104 1931
1314 1458
125 1803
1281 1797
787 498
1454 320
1246 282
967 303
1197 846
1967 286
298 1126
1885 737
1906 700
379 1349
1088 1795
1528 586
1110 404
545 1048
1371 952
1945 677
1433 505
938 1365
1042 1459
63 1140
323 743
1690 626
308 1133
516 586
1829 423
193 1047
1082 579
86 1070
1374 299
8 273
1910 489
472 1263
1788 1805
63 638
638 230
1434 247
22 1777
831 613
1235 1892
1594 1609
1482 1755
242 1144
182 1995
553 1918
1506 709
350 1197
877 632
1154 1776
456 1920
1236 1565
885 681
1650 1395
1812 742
1286 261
1159 9
498 150
581 1285
1597 792
340 1121
1209 1856
241 1940
148 1472
1088 907
1822 362
581 1174
1559 1625
1330 987
487 1732
1266 989
768 272
1504 554
1782 1469
1661 36
64 1855
1359 1079
1845 1657
1308 1548
1724 1406
109 227
476 746
853 164
1517 125
1228 496
347 1151
238 616
171 1453
1684 835
456 981
1767 946
420 880
559 231
584 1157
344 170
1508 678
1755 751
1972 1793
1868 390
1092 1944
1457 525
1879 518
1793 1451
796 608
234 1800
765 1084
1971 36
673 1519
67 936
1703 421
693 1200
1047 1709
1441 994
672 629
89 1041
286 469
567 892
804 146
552 459
808 1877
436 1086
593 1429
1316 53
1235 191
1387 37
428 13
177 267
1045 1986
1262 1464
236 882
1123 1682
722 41
1711 1555
188 653
1995 1266
887 1037
487 1239
180 525
1568 1408
722 184
817 340
75 1966
1963 1173
302 907
104 910
778 1957
712 205
588 1868
739 532
958 886
574 1291
1204 618
1603 1700
831 1889
246 599
1867 1387
1873 474
1283 1162
1745 843
548 817
1803 1987
1086 1757
1417 880
1345 1897
501 523
1912 1971
792 498
42 241
652 890
504 656
1431 1760
1691 1099
573 1444
482 91
1297 516
1723 602
68 1212
1285 107
615 1214
1615 841
92 1241
1684 1530
27 26
211 1897
1611 213
1302 432
201 771
1102 807
460 740
1116 189
1189 225
1118 281
732 1607
165 777
1588 25
761 164
1205 1211
1111 668
1906 708
273 408
645 640
183 42
1255 326
906 531
375 1346
35 1823
125 375
1614 1999
1893 1472
992 190
777 1286
188 947
1167 1041
1992 1219
249 587
1063 1504
1444 102
825 530
498 282
1011 1551
1700 183
1995 1281
1964 764
367 12
1889 1090
850 982
614 7
1221 229
1314 1993
624 1027
13 1818
362 652
91 454
550 1219
366 204
422 610
635 645
546 174
929 286
200 334
398 514
115 381
1526 1915
928 594
1693 1719
1735 1014
247 505
815 1083
751 953
612 401
709 653
1863 1150
1336 429
1689 367
1395 842
1484 1545
1310 1741
1341 61
534 557
1545 616
570 604
846 641
1134 1792
134 525
368 1799
861 1116
1627 85
852 949
1919 1008
140 473
1708 1734
183 1493
576 959
26 400
1291 754
1098 540
1409 867
437 886
994 1243
1048 1464
1654 424
56 1558
1974 887
1081 516
1520 36
1705 1730
1068 16
1765 1618
1198 1409
1612 971
268 42
1301 684
716 1704
1679 1979
939 971
1241 383
256 1588
1466 604
528 246
1070 1582
1557 1356
858 1112
457 228
936 994
1515 150
1386 1554
1886 427
16 832
879 743
1449 548
933 1947
1346 1176
1334 1933
291 1751
457 547
298 761
1013 542
266 27
732 1646
1815 347
1874 245
347 92
1242 1103
125 1720
285 414
843 1436
1874 132
1305 135
1841 1849
1392 1383
1010 1834
735 1579
456 1603
336 233
1283 813
1084 1096
643 98
284 1836
1336 329
35 1058
106 1822
1602 1224
131 1803
597 424
625 1537
1371 209
270 46
148 1266
823 1350
1720 670
1179 1545
580 1609
508 1168
140 1882
1179 563
369 802
743 720
1774 64
906 1761
1615 1092
1887 739
1408 611
1913 1820
592 262
905 431
123 652
162 1268
1409 847
350 421
780 1724
45 1397
1190 115
278 177
378 677
406 1921
991 565
559 401
1042 973
30 1525
145 669
607 485
867 584
339 1615
1539 796
323 742
468 1541
58 377
1179 157
1951 1579
1091 1465
686 127
1038 720
434 1240
1689 1624
1685 1143
1135 1056
547 1547
339 560
1254 258
1090 739
1508 1110
1349 86
1299 1429
1747 831
722 66
1490 1752
1526 738
182 1992
958 633
1647 1487
1945 1917
1841 1748
1649 1247
851 632
1100 657
1464 1185
645 218
1523 42
902 243
1370 443
1905 349
1124 1774
1877 1156
778 436
409 1327
373 1254
361 1574
625 1413
496 1791
9 66
1094 1793
1506 1965
92 1313
792 407
1587 1152
1865 550
1397 1333
1031 897
543 1039
1314 663
1847 611
613 1399
1410 1463
987 1038
1063 385
296 191
1091 1992
1261 8
1814 870
90 1159
1488 1621
729 1955
199 791
1819 761
656 1666
255 12
1823 909
1070 1129
141 235
130 1840
1909 1306
960 1999
795 338
1069 3
1283 1909
1373 1793
1947 94
1352 1540
1572 1373
1895 1037
75 1125
1857 1869
495 832
25 76
1751 1321
1080 1166
137 1150
1262 1486
929 1930
1656 1139
1012 77
1192 1639
1845 1365
1422 702
674 1982
681 906
21 105
1661 1165
1990 461
11 143
1608 1922
1680 127
1074 802
1904 1321
1632 792
1354 1586
125 150
1252 633
1936 1652
1666 209
1872 1958
87 222
803 665
1049 209
246 549
1425 898
341 863
308 136
461 406
894 1216
1092 823
1278 542
632 1054
479 71
1183 553
1166 1305
110 1761
1286 802
1897 817
59 1061
1513 568
1370 979
229 765
310 608
880 363
327 160
1731 438
1717 1883
1553 1994
1057 949
1036 908
600 1882
585 1534
1381 1602
1377 480
1333 1747
264 505
1186 1616
1059 1218
821 1519
985 1809
1871 645
1108 758
688 1088
1809 1462
1708 1424
553 70
446 1487
1532 1456
1540 88
754 1124
769 1330
171 852
1757 1646
1958 783
1302 291
1913 272
1251 665
679 992
522 1777
520 926
1901 463
1959 1715
1705 1808
1691 49
331 975
91 1277
67 1747
288 1334
1835 1098
440 625
912 1181
756 63
885 477
1573 142
1440 1286
1618 1001
1 64
920 1662
1515 971
1079 202
1245 254
30 1929
1395 273
1658 649
1787 871
522 309
1732 1964
1532 398
800 1471
1190 944
578 428
1486 107
789 1017
1790 1825
1774 1022
482 1173
1025 59
1163 1941
1225 1912
1682 1451
1342 1419
20 1740
1030 199
1805 1455
32 1314
235 1441
171 1684
282 754
1210 314
1378 539
1488 455
1449 1863
1053 49
1570 1949
707 1645
569 1545
842 1464
494 655
1772 574
1866 1200
305 622
1487 653
205 1529
1259 546
905 515
690 1819
790 1625
696 1700
1887 428
1121 709
1631 1590
965 1487
588 702
1237 39
1608 901
27 918
1937 1637
656 1738
1948 1675
239 707
703 1136
1405 1398
1559 719
345 1236
1302 348
366 706
476 718
903 387
585 226
980 1697
1411 436
407 1495
736 992
1681 86
597 523
1932 1911
1468 146
436 1271
1733 650
1330 143
928 1693
466 142
1957 370
414 502
883 1999
972 1412
398 1071
961 1473
1169 676
608 26
1489 647
1567 1712
1527 919
1131 342
874 1676
508 219
1375 1347
459 850
704 668
800 1499
809 1283
1641 662
334 1318
1456 54
1338 198
1176 1961
630 788
563 1885
1958 1056
1841 310
1013 552
1717 491
1041 890
433 785
949 505
829 659
373 1315
269 508
1002 827
1206 1406
827 1327
405 1917
1622 1518
625 1828
190 672
1422 69
781 323
586 349
72 1387
1184 74
581 1558
1386 1056
106 950
552 1624
1437 1277
1399 298
408 732
778 1158
1810 845
730 1727
388 1141
1644 266
92 588
1280 1019
1946 660
972 1147
1096 671
1023 1567
1883 1799
1386 1877
844 1469
1856 1629
1899 237
1251 1473
546 531
874 228
1724 496
503 1052
573 534
999 348
1700 937
1759 670
730 1267
1214 1069
201 487
316 1092
749 1306
1466 194
1305 64
335 741
1062 1044
732 1651
906 52
1049 75
169 1123
1019 749
1393 1944
968 829
841 561
1775 1721
696 679
595 751
1149 44
63 397
1921 169
1724 1562
1908 303
898 1198
346 915
887 240
464 298
1040 703
644 810
1331 1104
584 715
1141 1321
1016 1686
1026 1425
1619 530
1788 171
357 1063
1573 1101
360 521
1069 1074
330 865
1291 1528
1093 956
61 15
1666 1028
725 88
291 1354
1071 917
206 1703
599 1940
1350 1716
1573 1199
378 996
1968 1459
551 1661
746 669
312 1125
220 1807
1444 862
245 485
463 82
1512 222
528 281
1024 702
965 1020
1808 1850
988 1759
574 1536
1307 1877
1535 943
287 145
755 601
203 868
1850 994
943 954
267 429
1651 1279
1117 1575
476 1745
153 1778
1680 1987
637 758
1720 1589
638 1637
774 463
353 1370
1617 1321
1118 1806
1135 1204
682 1318
922 1737
1630 232
78 123
1387 1819
840 38
270 649
1681 1957
1071 1549
60 1457
218 3
962 585
247 1777
1017 1938
268 1670
655 1322
825 839
353 1094
1475 285
1116 1997
193 1597
356 95
1046 308
127 1224
760 1287
280 379
1556 1665
27 1990
14 1964
1523 182
38 790
1977 285
775 829
1084 1137
1021 1725
15 2
1659 597
1325 549
1333 1822
670 362
359 991
1686 1638
516 1908
244 1325
1321 356
1433 1113
1470 1544
208 1398
116 1895
266 1050
1723 604
712 1818
1397 1465
1009 328
276 1315
1016 1136
1153 751
15 1597
438 679
557 704
515 1414
99 1661
738 1733
1387 524
1096 1999
1028 924
1802 679
1550 825
745 1136
142 1882
1135 1703
695 1286
1502 1682
705 258
156 1202
1741 515
1407 1555
700 1847
825 1945
1309 1131
1790 892
1551 774
154 171
1535 67
274 768
427 638
1792 1806
1959 1714
1147 205
1082 633
548 189
1693 1063
1305 1822
662 173
441 287
1237 567
104 703
834 1130
175 806
1304 1398
1934 1442
7 1484
427 941
1080 1417
597 1337
435 996
20 84
936 693
1455 1953
1732 1965
139 1434
165 1730
715 1043
371 1493
1677 385
345 454
1947 1139
1768 1588
650 33
262 795
1243 226
303 453
453 900
1128 142
977 778
171 223
1042 1774
1465 13
234 885
1426 1200
86 153
1154 1683
1658 1505
932 1093
92 1514
1622 1360
689 1912
1153 553
1672 615
877 19
38 1723
384 1086
56 331
1953 2
454 1875
1809 1254
229 1184
147 543
1795 1047
1433 1958
1089 836
770 1418
426 1336
960 272
1019 1771
1994 1729
444 1677
1873 1424
162 1262
804 641
677 157
499 570
36 1495
413 1259
292 460
553 1554
1398 1980
1132 444
1675 1773
306 224
538 1571
946 1764
560 349
115 961
41 998
1024 584
216 1660
214 1243
1725 1370
1291 1629
1995 1473
469 1195
217 1154
32 1374
1978 1997
733 90
1767 265
1860 765
43 1546
1895 1536
830 1573
950 436
581 6
160 1266
988 8
532 1290
1450 1269
776 1256
313 1492
1969 1559
689 109
1613 884
1907 555
1391 1658
1633 1634
860 242
1649 91
1805 1806
574 1044
1107 1612
448 1847
1501 1756
161 150
1317 1349
1858 1311
1671 1574
888 1285
331 1334
906 216
1227 1112
699 515
1373 1203
1138 1816
1895 1022
753 451
449 1897
113 1942
1519 474
219 1751
1790 1679
647 513
169 1318
554 411
1819 1099
1036 1035
1475 1533
419 1132
83 929
115 1770
1828 1771
1827 1800
1545 283
308 278
1122 1426
1092 558
1738 1272
933 182
1195 1839
1168 1580
1842 1034
1442 1968
281 1355
175 215
1445 1835
645 1490
1362 891
1323 643
1717 1539
1862 564
817 1590
1189 214
896 899
183 729
354 1501
135 1286
639 240
767 399
1997 720
1749 1795
952 750
26 1899
444 175
1439 547
393 1304
1404 1740
1318 868
512 1439
1419 575
72 808
519 662
1010 877
858 1207
1344 1593
1107 497
1167 1099
47 1126
1555 1625
1560 1473
228 392
296 1486
922 398
409 753
1166 1701
447 1707
30 131
71 1113
60 1454
264 583
1828 149
1792 1155
1100 828
1923 1723
470 821
662 1891
1087 518
1950 640
1307 910
1623 1180
1649 1245
1368 656
679 1808
998 1528
1072 1944
542 24
1000 239
1900 1854
1635 1135
1281 408
845 1677
716 283
491 1032
364 1306
1988 113
645 1485
1373 1175
1103 1614
1453 1547
1215 1660
1906 313
452 1128
1631 1060
289 304
1124 462
832 1734
1776 1273
657 1297
698 1999
201 1261
8 1827
1401 1028
851 1063
268 729
1030 480
381 908
315 1566
338 661
803 1317
1890 1639
950 1240
888 955
1193 894
1947 1669
184 180
1112 842
1043 284
141 152
863 1683
481 1905
839 647
1126 1091
45 828
1374 89
667 656
647 1571
1488 1810
1264 99
158 1320
864 369
500 1601
632 1805
447 275
287 33
514 103
1714 1592
32 1648
288 1324
1873 821
1209 1216
1326 105
1428 569
785 713
599 1916
48 59
12 1187
1695 696
282 1730
1085 1615
1874 1620
1848 1223
765 115
1624 430
501 837
1865 900
1703 1224
159 575
453 798
57 29
1012 1539
1531 1913
1975 200
841 1097
1026 673
677 723
322 1687
1178 1352
1085 503
164 1238
242 178
1608 241
1954 1681
366 371
996 1714
375 1751
1170 615
12 1137
1144 1868
535 955
522 573
1456 940
1451 676
770 744
825 371
1438 919
1896 1861
1857 449
648 99
956 1438
1792 340
28 221
467 359
507 1298
1708 1388
1959 152
1449 343
21 486
1246 570
745 1757
151 1435
816 1208
1013 300
1244 1240
1745 1698
1874 1347
10 870
598 453
1711 873
958 1177
1452 1148
495 1519
910 1648
1523 797
1710 1587
899 481
1380 750
118 745
1499 1064
807 1917
1735 1673
1223 1461
192 410
1827 1462
1647 793
160 1912
1672 373
1856 242
690 264
1948 1172
174 1943
1477 136
317 854
729 1008
209 1077
1645 1103
1116 1827
12 721
309 49
886 1333
940 373
1539 1679
1935 1144
1848 1106
231 1324
1639 1542
492 620
1159 82
1939 534
27 1957
72 1830
1338 1590
1598 1416
986 233
277 440
646 333
643 919
1438 825
1883 1515
517 48
960 118
992 909
1111 136
483 1982
118 1587
584 915
1886 1098
1889 1510
236 158
534 1309
1386 1320
800 91
123 372
165 495
1362 1029
1009 363
715 1980
167 1753
999 912
1445 1846
802 1816
1375 53
718 968
1291 1168
1880 489
846 1489
960 384
1276 670
1151 1554
563 221
1624 1427
1679 1766
1696 1951
394 1257
514 410
1697 562
383 413
1379 236
60 2000
1054 820
451 565
951 352
1140 1171
538 135
1402 966
157 763
1242 687
731 1690
876 417
913 681
1554 1696
75 642
3 417
1056 935
374 1230
561 1978
1258 1461
374 914
221 1625
258 273
741 638
1994 100
1756 1355
1617 1511
1465 1682
718 1938
493 1637
1436 1045
132 1145
1040 122
1905 1452
138 506
1315 176
1135 531
342 1674
159 320
554 1826
383 934
1385 308
253 1610
748 1816
280 1864
150 764
1294 905
1135 753
1816 1673
1789 1908
520 1056
1188 1307
1394 916
961 1170
945 565
1499 202
1673 1093
1088 931
1969 1006
683 1709
543 669
1535 1897
1035 1205
1968 34
383 669
818 1331
1193 1349
1450 316
1233 68
1368 1265
1685 252
1545 393
1429 574
829 258
1365 944
968 1146
1635 1550
1776 104
1680 1151
424 268
1806 467
1632 1816
552 387
1312 1639
747 1338
737 1315
611 39
1204 16
1894 1035
1657 1144
1275 141
1513 784
835 828
292 481
849 996
609 393
167 1827
472 1937
1800 21
1361 1089
1926 725
950 1422
830 1436
635 1830
1302 382
419 79
425 1166
362 1610
1624 1596
1884 1450
447 549
672 621
322 1066
70 340
1065 843
510 159
992 138
261 673
339 1729
670 1543
233 250
142 1244
602 1173
141 567
278 1452
473 1135
280 933
1777 1332
1849 1191
1885 161
1920 1067
1119 1869
1135 1170
1129 1785
1551 652
392 654
1535 457
303 1172
1877 574
1609 176
1115 1707
1720 1911
1688 513
344 109
1444 1695
1940 1284
511 1162
678 1107
1040 772
567 1981
640 146
760 705
410 1004
363 784
567 74
1454 690
1015 776
1167 1983
66 481
1634 758
1619 822
698 1770
1072 403
496 1868
544 732
607 837
1466 1435
547 1475
952 113
112 1790
1089 624
204 166
1861 120
530 370
1868 1706
1048 203
57 296
1130 1183
723 1311
277 1231
1513 577
1179 528
1750 361
1218 54
1667 871
958 1920
1527 209
1298 17
527 833
235 951
1375 13
4 258
904 816
1094 1363
1083 1882
753 795
269 930
1653 1851
1952 109
1751 1623
1977 1659
1125 1116
1844 346
890 1169
166 1252
1730 321
993 82
1181 1431
546 706
281 1890
582 140
1084 70
1219 1337
223 1362
249 1375
1297 267
1546 1230
242 668
1113 611
1017 1718
1610 1737
1429 826
253 124
1234 1017
739 1153
1828 1141
570 401
661 70
1857 1565
91 1666
1112 1792
1610 255
1918 1946
603 347
1687 337
1890 607
1801 1270
1492 1995
826 1497
544 1151
464 1918
1899 731
630 803
886 1369
817 554
1672 1408
1915 18
1249 559
256 486
1665 29
317 1967
508 1414
877 779
180 77
1728 699
884 1781
337 542
623 328
833 286
610 1059
751 51
819 1779
1050 929
1378 626
1445 1362
261 1522
1796 78
1992 49
392 1875
411 81
386 657
1897 967
1663 956
102 1767
677 1931
1463 1852
1815 1483
413 1940
516 268
1307 1636
376 1708
1349 1505
1371 681
1258 1069
1336 815
900 1781
897 1225
1470 670
424 1905
1168 920
1572 1182
103 1749
932 1989
1382 1633
701 677
813 427
638 571
797 1138
894 174
241 798
793 903
1491 88
246 1789
747 312
934 1827
1576 1014
1767 197
1528 66
1824 1663
1179 1924
1666 110
1355 1075
1725 689
1506 1469
1879 1660
560 67
1059 107
559 287
1083 113
1948 1467
1729 1703
1716 1167
538 518
1811 1909
1646 1052
1114 1397
239 1620
1377 525
1507 682
775 1688
890 680
535 235
1675 51
553 1132
8 355
157 1650
1330 780
852 1080
178 687
1136 963
625 1602
1790 1681
569 1375
1789 34
1532 77
852 1455
512 1826
364 853
1006 348
1432 1907
1575 67
1585 1336
1821 408
1418 413
852 528
282 915
1360 1283
1207 1797
703 1806
1844 222
810 1945
1422 108
142 302
1031 1084
607 94
219 1602
599 1118
1205 661
1048 1468
409 302
1316 1889
1768 1434
1819 822
1999 1452
184 702
1989 618
1752 1639
1514 522
873 1922
1744 1751
888 1914
272 161
1581 1084
1241 1643
81 1172
1236 467
1902 520
1242 863
1616 1568
1022 31
1179 1566
1670 252
878 1059
1730 568
901 892
61 1115
1147 982
1018 1490
1495 1604
503 1194
1836 1452
1145 249
1768 234
976 1398
1976 1027
1000 1608
1946 377
926 483
1477 907
508 214
862 785
445 739
1938 894
1391 346
417 2
556 277
438 45
115 349
475 1867
994 1128
870 1695
1994 569
1249 996
595 1408
719 1486
940 489
299 499
219 1720
1265 1326
297 1750
1826 193
1514 1557
468 1381
1397 1196
1091 37
192 1391
345 1887
1118 1058
1249 817
1305 711
1347 348
1666 1420
1114 113
1951 1469
1292 878
1219 278
496 1796
1977 1599
1710 1196
1155 654
22 1021
1689 907
1007 1432
40 204
1899 1698
1806 242
1898 1395
1937 385
1293 1745
450 1475
1923 1382
756 1499
1898 1154
1702 18
490 423
1749 93
1073 980
1257 1911
1037 881
1820 1530
851 1590
1872 1364
303 595
1160 260
1214 1270
1484 709
1477 1948
1033 1024
1947 148
188 631
281 147
1884 1737
796 1398
276 402
991 1269
1703 960
1981 766
238 356
1269 316
146 1198
1042 4
263 261
464 1557
267 846
633 789
503 1452
517 747
1571 207
773 1892
1630 1402
1077 1562
957 1708
1529 897
870 1358
237 246
1417 718
186 596
1417 1442
190 180
242 287
1650 929
484 800
420 520
625 1546
1419 1826
867 1889
812 550
708 1467
1224 446
414 1066
855 896
651 1968
1846 1794
118 1656
1035 1623
99 169
1543 1739
201 1485
1127 1358
1863 346
1794 1407
1670 1738
1455 371
16 290
701 1125
644 940
1512 1906
1203 439
1823 1620
1955 344
1500 1055
553 110
602 1585
683 735
422 1665
1857 871
1188 487
744 1503
1130 739
1701 254
322 924
339 1391
1896 1462
950 1306
1860 1229
742 372
1312 491
1169 438
193 873
1363 904
1380 810
906 715
980 440
487 728
1797 589
827 71
959 1053
110 788
82 1822
112 1137
1124 1866
476 940
393 1565
1060 142
839 1913
957 1518
1275 1375
209 14
1514 169
635 1472
1945 1885
179 1874
661 1719
274 1602
1176 1734
1324 487
1595 1633
111 1540
854 1392
365 1812
1819 1993
578 647
1699 1960
3 1106
333 711
779 276
921 543
110 1931
736 1590
289 475
1382 605
1015 924
584 746
237 508
1638 1890
238 815
1951 899
1439 1727
1923 1250
1489 1670
365 344
60 394
1695 398
1649 1684
235 884
663 1682
243 949
139 874
14 414
144 354
1166 922
1169 1878
510 1437
1274 347
1052 5
701 81
1739 197
460 1890
915 1967
219 1098
22 135
1381 1824
672 712
305 945
1173 1368
714 95
1103 539
1486 1681
1219 1526
497 1277
435 1778
1851 749
1686 1394
698 555
888 405
1438 1115
997 1289
89 1136
650 753
1964 1031
1257 1641
1699 542
307 1110
1265 1466
1104 1016
960 1404
272 1360
1109 1514
374 1341
1742 386
820 1499
1491 787
168 834
973 1731
482 1086
1600 262
1928 1309
1091 1239
1201 461
155 121
401 553
1984 1556
389 24
1920 268
1224 137
750 405
364 688
315 1436
942 1471
1576 1192
670 325
92 1870
214 387
1402 1582
1390 380
1352 523
124 1974
1748 1245
875 1745
296 349
1567 663
421 1878
1830 463
1271 1902
349 1684
506 229
934 827
444 19
1757 1851
1745 1747
883 826
1536 1682
814 332
1293 1597
502 1422
633 912
540 420
1348 1043
842 140
1339 1328
73 1981
1094 613
1787 1982
1101 498
837 1955
935 814
1930 639
1735 1647
810 817
758 923
1223 1435
1685 1118
711 1523
274 1478
1056 1348
956 506
1447 1846
1143 1137
681 949
1862 1921
343 241
1668 630
899 1255
1052 755
836 102
567 1578
1586 1614
130 1451
398 1869
1728 1996
759 622
1744 782
141 981
459 394
131 1219
1514 1904
892 1672
219 266
557 478
727 1670
661 1468
1427 1800
1210 504
734 986
930 419
897 1706
1324 279
426 1622
77 650
1309 101
1073 226
1560 477
911 953
1128 63
482 429
321 1001
911 323
434 264
951 877
891 331
316 804
1012 1081
338 684
47 180
1413 249
777 1963
1202 636
1937 503
1330 1397
1425 283
309 1306
629 1953
1690 840
582 1561
1507 1564
20 1435
1937 273
1613 1344
1182 1692
1355 132
804 390
1416 1580
1170 1190
540 1788
116 286
98 289
745 682
1885 620
1678 10
1004 1425
842 1948
1950 1388
1388 1583
1222 199
233 1667
1323 1436
94 1320
1802 815
705 1989
1901 403
851 1815
1723 1827
93 796
776 876
156 1802
1248 300
1323 1722
772 1228
846 501
1221 23
138 412
983 804
196 170
768 827
1361 412
921 1875
1818 1701
1394 604
1085 1689
241 400
169 691
277 1688
155 992
63 171
449 707
1472 1535
451 1933
1211 239
143 1238
37 33
775 382
170 780
1544 1233
1581 106
628 1326
21 532
439 1381
991 1352
1454 688
1742 784
1362 1415
1788 961
1880 1292
928 381
1600 833
1310 1550
317 415
364 879
484 688
1298 1670
1727 951
208 1422
931 1269
902 560
1739 1645
1094 1060
107 1988
899 970
1117 501
589 679
839 28
587 1404
1051 476
1500 861
1153 1328
42 826
511 12
132 1753
349 1613
231 189
1208 1972
37 324
1680 698
1871 1419
300 1018
1276 567
1992 1376
1089 476
235 1584
840 622
124 1041
427 534
1533 1333
1423 1084
1025 741
448 555
1743 455
1505 509
1674 1334
1736 1391
191 1606
1595 564
1705 404
1446 1478
550 1023
1621 776
1092 734
82 499
1738 84
1142 684
1500 167
72 37
1911 979
867 982
1576 22
357 12
896 204
1432 302
1560 136
1036 144
423 1469
113 745
475 974
591 436
1642 1606
1315 424
1524 1941
968 861
1599 1460
168 901
1975 1593
30 303
1671 204
788 159
1825 1764
119 213
1187 1011
1376 1348
1394 181
313 362
957 1937
540 767
632 648
859 1775
397 762
787 78
722 1364
1677 192
341 45
1868 1736
1736 121
1949 125
1310 1525
242 482
1953 122
90 1858
160 465
513 42
1189 1812
1821 1815
1660 67
1379 902
772 56
743 535
1050 833
789 1819
554 880
805 1772
631 36
1868 1853
22 789
252 1456
184 1669
1228 839
819 13
1946 1218
794 165
1531 926
195 1255
1342 1382
860 1522
87 249
261 1273
605 1994
366 1064
476 1776
553 1899
533 1349
1442 1467
877 1270
134 941
44 1997
810 1005
867 788
1740 1395
192 1704
1306 1713
633 1763
156 1906
708 423
193 714
1133 642
1532 459
1395 359
1749 1404
1401 1850
1349 442
1245 249
457 1446
953 297
1194 1193
950 1827
367 123
960 1051
1846 365
1993 239
730 701
1081 1273
1429 99
1364 1212
280 300
1955 39
1798 106
1668 1344
569 362
492 623
1802 1886
803 1572
581 1223
1580 342
1228 1650
1073 867
1051 1963
914 1426
243 596
1591 505
1755 1559
440 1980
239 1332
424 757
1078 1587
669 993
411 785
15 1991
192 736
768 610
997 1573
1817 1842
1465 1011
529 1638
208 1366
652 747
1204 392
1591 1548
505 200
1083 1097
1028 862
789 1998
1641 283
1255 1871
939 517
1289 1890
1539 1386
1833 585
1715 1728
1585 1048
1340 1307
666 682
775 1404
1290 1568
1847 1976
621 1638
1988 1235
590 1285
240 777
1460 1707
1225 618
1460 455
837 1664
1342 1715
1826 1252
1971 1013
837 894
1993 547
1944 1127
911 155
1372 1162
1713 670
1952 1194
475 871
81 565
1982 634
1592 365
1276 1006
1816 1185
864 316
151 1822
336 901
1147 635
1313 1997
1415 1636
1292 1809
629 869
8 1255
1739 300
1486 1855
1604 742
202 913
1275 1080
981 1213
948 1450
414 10
248 239
1265 851
1868 878
1860 814
389 1653
1111 985
1914 1203
382 1656
699 918
95 609
1240 1118
1346 1822
1279 1479
1224 87
1847 81
129 1297
971 566
1488 1884
328 1297
1662 112
239 435
1183 625
1725 1114
902 888
1090 1919
1052 1318
1833 132
1503 1369
922 1392
1764 1679
1439 1761
103 1141
363 484
129 1196
1946 1751
152 1275
1164 1996
577 1937
581 1902
1869 509
402 1663
894 1135
589 1727
1623 50
613 521
1758 975
1493 1589
1066 1873
909 1795
440 1317
81 1109
1754 62
1477 1461
579 518
50 456
1231 762
555 1389
423 1269
1093 741
425 884
1243 1176
834 456
1464 1839
416 593
1069 1404
1696 234
1271 890
424 188
821 1107
1519 1452
589 919
772 1673
258 1867
307 1858
670 1706
1337 769
1323 818
939 1401
1571 1828
919 1416
429 1707
339 169
491 930
664 560
1601 1809
1777 1368
600 450
503 1051
849 421
1825 886
1705 456
1365 772
1836 1426
769 1928
1804 1776
906 823
636 1562
463 1582
285 346
1063 1335
1833 428
1227 1933
1125 586
1911 895
885 513
980 1055
119 573
689 286
877 625
732 404
163 947
475 997
739 656
1453 468
1964 1349
51 690
585 1710
240 1737
1010 421
760 1520
1661 362
1792 1445
30 304
877 1454
403 1842
106 294
992 406
1978 55
1855 495
1108 1340
1150 1747
1123 457
611 281
1074 1251
496 1604
211 1671
1526 786
613 1504
333 916
1436 14
1135 315
1357 717
1225 1631
701 1589
1773 905
1985 349
461 1365
1675 1376
1151 1606
1700 1244
1293 1890
1888 1364
1728 1165
1839 415
1437 1835
683 576
1689 1820
231 188
22 249
39 821
702 1615
828 1950
227 557
1016 1702
1354 902
509 427
92 373
668 1294
1049 1681
358 1988
1674 1700
1970 207
785 419
1795 1724
644 1206
1007 40
114 1451
85 974
1325 243
978 39
1188 1690
1493 644
586 928
1709 1664
347 251
560 203
332 1364
192 125
1706 1926
1084 495
845 806
1676 114
1054 1962
1001 1732
1203 640
785 1211
832 243
1392 1735
397 23
150 1111
1229 1409
941 740
1410 765
1797 1875
19 1900
1921 975
391 1192
1667 1403
146 652
1829 702
570 865
554 1706
625 1482
1770 134
704 999
637 1739
193 1874
286 529
177 857
704 1346
431 313
218 1002
719 1190
355 798
1314 322
602 464
732 1031
1454 1866
776 410
1711 1446
1983 141
168 1617
1146 1360
726 800
112 74
977 1098
247 1320
308 1000
1530 505
1262 560
620 1
72 567
177 1735
992 1016
1789 1109
1112 985
502 1801
1224 999
529 215
396 458
1085 58
163 1541
152 1566
1402 942
1096 1057
1106 1626
292 794
535 206
1643 897
1403 1252
283 1189
355 1914
839 724
1377 213
1175 414
922 1853
280 462
598 1201
1214 1055
59 991
318 632
1807 762
1574 723
624 1963
1724 36
476 1488
1347 523
1490 1690
561 130
1259 311
1653 235
1155 752
293 823
1028 1433
1522 1396
893 1686
814 1454
1294 1140
864 1367
131 1142
1350 1035
870 1601
618 742
473 752
1795 606
1900 1258
1789 78
1231 1441
1871 1356
1705 877
341 1831
1042 1657
1523 1798
937 431
310 699
1091 18
1118 785
1175 564
1250 1221
1077 20
303 151
572 1628
1112 633
1879 131
249 353
1502 1118
1389 1695
1671 759
807 692
773 868
303 1013
48 201
1955 1439
960 388
1349 662
1411 1571
243 1437
850 1615
1059 769
227 532
125 469
1877 113
1457 590
925 1488
1243 1117
1480 953
967 1845
1303 754
536 1905
1618 1963
830 1143
1624 1572
1919 891
637 599
1769 902
1086 632
274 865
1612 1524
1150 399
26 522
1316 1745
1909 1790
485 824
211 311
686 1961
14 1410
966 709
743 1821
630 461
557 24
1014 1567
949 926
609 329
1142 733
1971 1805
775 118
545 1569
857 1035
807 417
628 194
596 1236
336 450
1349 302
1534 1353
602 1777
330 1312
55 525
459 396
1527 1639
1934 1245
114 1975
887 1296
67 195
450 201
927 617
395 1608
1862 1990
831 13
652 1456
859 1544
342 74
740 73
1526 1144
160 205
566 453
622 714
1538 748
705 871
99 464
1404 39
1797 478
677 457
1549 857
597 109
489 1437
450 653
1535 1240
1267 406
696 365
315 1545
705 897
777 268
561 1445
1099 369
1389 1667
1341 276
1930 467
1332 457
1704 1524
57 759
1165 1318
1622 1730
869 880
1300 1090
1834 6
1194 377
295 1367
1529 1806
1531 1000
197 424
1427 533
1009 1170
1361 1093
328 1677
1824 143
1274 58
945 1544
368 1397
1102 1024
496 622
84 1425
933 1180
108 1391
802 1532
96 1671
1222 84
1537 1032
1577 107
1540 377
1190 566
144 345
326 625
383 608
556 406
1952 1537
1522 1902
1739 715
1846 1197
772 1230
1246 691
940 900
139 1787
1424 825
731 1801
1579 1203
1765 936
567 1983
1007 172
1216 443
912 383
994 1321
355 525
1404 1276
1211 1964
1026 948
874 220
403 131
1457 1580
1018 1862
806 519
1292 1402
1120 233
1064 1565
303 1895
1125 188
315 1129
186 595
74 797
81 271
1538 1853
433 934
21 1228
1640 1611
934 298
1841 340
576 1222
70 556
1319 93
1447 104
1675 973
1164 1122
260 92
836 1267
1535 980
1252 23
164 456
1988 419
138 1111
617 535
48 781
452 1291
965 1246
184 317
665 1202
157 1226
561 1473
1493 1736
1154 1142
625 150
1604 1334
773 700
761 438
1135 1560
1819 981
915 1575
473 296
618 1784
264 1619
335 1544
489 1253
1662 111
1727 373
1606 1550
1952 97
1290 1864
1593 1905
1545 1538
362 1755
1400 1805
273 740
66 1113
108 1340
1813 1261
1676 559
1933 472
1607 1
104 1451
190 1154
452 1005
92 404
205 659
1113 758
463 1102
906 1314
107 689
158 1487
1011 1830
1869 1128
1768 1937
1217 705
318 556
814 689
1851 142
17 1223
1659 1113
398 1329
1917 641
1169 1015
1600 1641
218 557
825 841
1952 918
991 1416
184 1358
1757 986
945 736
169 1647
913 1822
1868 1030
569 332
456 1587
1008 1088
316 1339
1188 1375
586 1161
1106 364
1091 448
1561 1001
1423 257
1851 330
753 313
953 1999
1041 836
1515 1165
744 912
734 547
1622 1358
189 374
611 608
390 1719
837 1110
87 539
596 567
907 1412
9 833
1014 1558
417 1168
1930 280
1036 907
62 478
1809 1823
1045 947
1655 260
843 199
733 1831
592 486
782 1377
24 1056
567 733
1502 464
822 962
435 486
179 1055
1432 1350
1109 1986
922 924
1018 837
1939 377
659 1251
666 409
1147 736
214 1201
420 336
392 925
672 937
568 1046
41 686
723 454
794 284
105 1696
937 1089
708 442
1832 1642
428 376
416 1616
1831 1104
1674 929
897 135
787 1815
280 191
542 187
1261 1345
1122 981
776 1471
1889 1853
1377 513
1468 696
1841 1894
501 725
686 741
1132 1389
1960 1100
1685 1757
1794 207
1833 1218
1993 1624
1921 235
710 1070
327 462
1801 1345
244 378
1146 1092
1650 996
284 3
694 1294
695 783
1733 1559
1079 933
1318 295
1614 581
207 94
347 28
1965 580
976 1762
479 305
1001 1053
308 687
8 1615
1811 19
677 1963
1377 1967
685 1788
1439 791
767 1699
1131 292
1759 350
658 820
274 1802
849 1191
526 1587
1991 123
226 214
572 129
1398 29
426 760
1702 1048
1355 362
858 1294
1802 1099
1354 1392
974 1368
27 653
1022 944
1427 982
1981 387
1875 1664
1818 1677
990 402
1403 1155
994 1969
1657 1050
1612 673
1214 1193
716 1414
1793 1574
211 310
1023 833
805 712
364 1896
1643 138
796 1437
285 1290
214 602
1120 1997
794 1173
1105 543
1124 1805
1363 163
1809 461
981 1324
121 662
967 1289
148 1751
366 240
926 1858
1228 1970
949 191
1383 1302
1468 1864
1017 1853
340 1110
401 522
1803 9
458 645
1753 954
1224 168
319 1188
217 866
1747 1748
708 1340
929 909
658 1733
1437 45
156 58
1355 1772
872 395
400 1808
821 1583
477 120
1139 1934
1265 255
514 823
108 434
843 929
1805 851
1531 28
1658 1761
1650 1681
27 45
889 1952
931 595
1375 1728
1753 1916
356 1066
622 1221
1466 951
1004 922
1049 1433
1436 303
170 974
1903 1447
66 751
1101 1193
1028 225
1963 454
633 945
1828 584
263 1836
1706 364
1269 196
1796 1420
511 472
1770 1111
815 1776
1443 1519
555 811
1551 1013
797 1078
214 644
659 1017
147 1741
1383 1526
686 246
1884 1733
1279 157
1614 1214
1195 872
1416 1131
789 247
1487 448
333 155
1364 381
1561 187
1600 1695
1869 1874
1800 549
1596 1678
350 1178
1990 360
599 881
1424 841
1601 527
294 409
1150 100
275 444
973 45
900 1381
1469 1939
1992 1759
1578 1432
838 1433
381 578
1662 914
502 766
839 1749
59 1331
978 1060
83 1465
1329 788
547 1478
1889 1607
1656 310
1564 1100
942 1125
710 994
270 18
38 94
41 330
1472 1200
578 99
1359 1905
868 1724
1549 1229
963 1152
1902 25
377 467
322 468
1652 1600
1266 263
185 1024
1122 1315
1342 240
1575 34
1210 1138
1079 1203
927 1190
1344 500
1235 1521
102 478
512 1322
1580 523
664 1473
183 827
1203 1788
222 756
1601 141
893 771
91 1196
222 982
1018 913
1922 1178
1104 754
595 1912
1112 29
120 999
1720 476
440 1006
77 455
1880 226
1392 1932
674 1863
1748 25
1341 989
403 735
880 349
278 657
997 775
1684 1793
543 143
217 1389
1135 1213
767 1535
1524 40
1471 995
386 1550
766 89
1829 969
1886 762
1245 146
180 534
1565 1203
1549 506
1130 50
155 848
1204 1333
72 1618
408 1652
371 786
357 491
1445 1510
220 1257
735 1754
829 897
294 1784
1503 241
1541 1032
1844 643
1859 1645
1591 406
1296 669
910 365
272 1141
973 307
134 399
1976 1770
923 1334
530 448
1281 1688
111 1879
551 1731
1072 259
475 122
1990 1187
1942 1138
172 1524
1921 473
215 1130
1385 303
883 1028
455 359
400 1783
900 496
1325 1361
370 1469
1298 223
1708 1386
693 1575
1691 1888
1072 1008
671 1476
170 1243
1526 968
974 1443
31 970
1265 1906
695 1311
1719 1288
717 1148
730 1918
1233 1209
996 929
1806 968
46 124
818 237
469 1071
1929 996
365 1166
1577 1917
446 1745
340 520
1047 109
1575 1199
869 1355
395 98
932 347
491 765
397 167
958 735
175 815
1145 337
613 491
887 1512
1020 483
1690 101
272 661
1673 1393
91 1765
78 201
687 1841
1369 1162
730 696
848 323
1309 1738
43 227
1295 523
566 221
1280 1573
879 142
826 262
1295 443
1228 1645
1360 317
1233 1985
1623 852
256 329
121 1505
1586 1328
452 1055
1752 1298
1750 1837
495 368
909 1819
1469 1310
1927 1893
1609 1828
132 88
11 1805
482 228
38 1714
1142 1592
1434 1085
510 1118
1040 1436
1314 727
196 826
133 1815
367 1423
1024 1105
451 1184
316 1561
734 457
1657 1126
211 1804
1098 1162
1534 921
256 1309
1069 1301
650 1253
724 1123
546 946
1478 843
19 1070
164 13
1949 642
577 316
11 690
1686 607
1335 615
323 1176
612 1357
378 503
1572 1294
1990 1653
15 1227
1023 344
1952 1672
1112 213
1132 733
122 1177
1777 889
1777 741
620 916
1862 1898
499 69
1722 645
638 240
856 1437
1543 518
366 648
1220 377
910 1001
784 461
657 1873
1466 153
940 1813
171 389
1734 361
1083 912
1105 824
1035 1169
215 454
969 1101
1428 76
255 872
313 397
23 1910
611 1268
1495 116
1922 438
1123 957
1857 1131
1737 493
1612 1775
750 2000
1209 196
413 275
748 1498
18 165
768 1897
644 256
1790 1281
223 125
117 538
796 459
946 472
491 317
1874 592
919 271
21 1200
833 74
1335 1363
1528 1243
1521 1602
1481 1259
1688 1148
874 552
414 1935
641 857
821 763
1031 1196
317 940
374 679
585 932
1980 685
124 1434
1893 1244
755 291
833 1378
21 1396
653 442
1118 105
20 608
1786 991
1877 388
247 1272
32 1484
1300 1809
527 1327
148 396
78 1861
467 1530
118 602
1008 1946
353 1511
1384 1809
1915 543
742 431
211 725
110 453
907 28
595 1837
191 1804
543 59
1416 1019
878 1314
348 505
774 261
1769 641
739 1272
108 1125
999 1870
1974 1890
9 1889
591 3
170 1944
882 1510
54 318
617 194
1059 1975
676 1041
416 359
1768 1651
169 593
1092 949
959 126
1048 1823
855 185
1136 945
1874 899
708 1924
445 853
726 206
213 489
93 1859
942 918
1577 695
34 1171
395 1189
1463 732
25 1868
298 312
66 780
863 1877
1102 567
1638 1701
1449 1671
773 809
974 1194
1518 295
1933 1554
1418 545
47 1769
1632 1961
1793 939
947 75
398 1774
605 635
258 252
411 1778
688 1117
1702 928
935 1436
1281 1256
2000 256
551 1994
679 657
701 953
249 1043
1221 1886
1210 1365
1717 1282
404 398
485 218
1472 119
84 1463
306 389
1701 155
1485 1083
1332 1094
630 1549
1042 1199
1461 1443
1911 1155
326 738
133 598
323 120
766 172
1502 736
1920 519
420 14
1956 461
65 1509
472 717
1727 1150
1529 1251
229 223
986 506
1176 166
989 757
1933 1424
1752 537
1705 1382
172 945
1830 792
301 723
676 1077
1073 879
878 183
148 1518
1158 1957
1764 1344
316 676
82 150
1953 284
388 120
1883 991
856 512
1171 331
413 1755
440 1555
68 1844
1449 1985
1569 364
1132 908
1062 931
417 1317
93 1752
1839 745
848 819
1200 1624
1365 882
277 1261
1683 341
1902 75
1139 1865
765 914
783 311
361 1460
1143 1937
1378 511
272 1443
1875 785
354 1739
1380 1933
7 1477
1370 843
1998 1205
1795 1200
1802 732
312 185
828 1631
500 492
1539 1411
1721 484
30 1161
1604 1211
1426 1268
19 632
1075 163
526 1621
1827 1264
1995 82
52 1188
857 854
608 604
573 146
1567 1266
1106 352
1065 42
989 1986
804 507
3 317
1629 570
1777 879
1266 732
241 903
1880 80
1532 1199
1337 1243
531 1164
1971 296
1069 620
1314 1789
1576 576
68 243
223 785
1895 1637
1021 164
964 1761
1810 469
734 1755
91 1655
249 1119
1099 643
1138 1044
798 199
163 1683
677 926
880 1482
353 1146
1628 425
279 1058
942 1766
232 41
344 1635
359 1392
754 1938
1007 452
1168 1574
798 993
1157 678
817 1966
1548 313
150 1360
210 1812
1880 1369
794 840
1759 1059
950 607
1477 1066
1532 75
765 596
932 1101
938 14
1662 645
1850 275
312 1513
1510 1085
1056 276
845 1170
114 584
319 1087
1369 252
1150 1371
1356 1762
175 1815
1808 1405
318 1745
779 1057
1548 1399
1272 864
1843 1813
502 1785
27 865
256 1844
1175 872
904 755
1981 1931
521 1611
726 1224
1725 186
242 613
678 1555
1825 524
1453 1347
1440 750
417 623
638 1739
54 868
572 993
115 886
668 1248
524 124
1656 77
297 1122
1681 478
1332 1086
589 558
1104 985
1656 1054
411 1175
687 1782
51 1360
1638 385
1243 570
1286 389
1838 950
1325 161
1418 1797
1992 354
803 715
207 1402
37 1233
1015 652
262 876
463 1253
1541 1821
437 506
499 1309
1823 1988
373 1032
1850 1726
736 1540
1125 22
223 350
597 1817
322 189
1244 676
1371 1870
1982 974
402 5
1473 718
278 1680
416 469
216 81
1124 1327
969 831
992 1416
54 1695
1928 1914
49 841
724 1795
1610 1383
1960 1587
147 1476
697 377
844 504
41 509
1200 340
445 647
1619 1375
1601 1336
1882 1755
683 971
1129 559
1086 1191
627 1474
1213 343
183 672
863 194
96 1374
1651 607
1815 638
33 36
1574 195
598 516
575 1088
283 660
801 983
804 18
1411 10
701 886
768 611
509 229
1986 1393
1015 1995
71 819
672 286
591 1828
177 484
620 60
1196 1729
1378 1724
2 713
41 1397
1975 425
681 1137
1472 552
637 1872
1933 1725
192 1814
177 710
1893 1649
1424 730
1487 1861
736 1730
1926 1989
1454 1398
1132 1312
1739 776
1337 1848
1045 119
1580 1206
1928 1193
1808 1755
499 1529
1880 1378
1277 494
967 585
107 1292
1795 667
1634 1937
401 389
1664 206
117 1163
250 1323
1209 231
443 936
274 28
143 258
383 1929
570 1271
1076 1998
1016 1262
1871 1063
1797 320
1385 1516
1643 1264
121 1899
587 1822
1871 1236
1783 488
1529 1997
404 1212
800 265
896 968
1374 807
471 1124
580 808
129 1608
352 383
1490 1247
5 993
1033 1531
1766 1863
1163 872
956 234
61 458
891 1203
140 991
1334 1031
237 1801
1179 194
738 302
1671 15
636 1253
69 2000
1337 914
256 1683
366 626
58 291
1235 219
149 968
591 1675
1632 581
1938 508
1279 34
485 1402
1840 1714
825 1239
795 1239
1880 147
1255 53
1098 1540
1496 1692
7 1755
1748 138
1663 1837
64 926
491 134
1310 514
1217 267
1530 1050
1569 1434
685 825
1478 1866
1537 1700
1462 147
1785 370
246 896
1736 1322
1883 1476
1983 1781
241 145
1529 1084
1434 658
1406 1818
898 1163
551 71
598 1958
1506 1607
817 1194
718 455
63 1678
1629 1663
1028 720
517 1721
130 579
1764 1590
1969 1434
1439 1768
385 943
743 1129
481 562
1763 898
1174 941
1218 21
612 1828
956 1430
1632 1991
505 160
33 1737
698 1229
354 1723
492 1632
1935 91
84 236
1227 94
1020 1456
606 169
1708 1616
119 1594
1246 473
1889 1472
1506 122
1893 638
759 1342
741 799
1378 635
1300 1268
1262 551
568 1022
20 537
825 1041
1747 1286
1458 987
1649 308
1191 1235
713 16
767 173
1344 1738
1141 112
1468 128
1382 1914
1738 226
1097 250
617 1504
176 1183
1882 1864
1837 750
1549 58
1078 754
992 1603
1691 809
588 1078
1429 1624
336 331
304 1605
211 637
1725 1534
1742 388
486 385
1779 1316
19 1710
1710 102
76 389
833 774
86 746
1535 606
1959 1257
110 220
1734 1415
791 1873
1239 267
1225 457
1207 1799
213 1833
592 826
96 553
1932 1738
641 1685
843 715
846 1010
1949 1749
773 1624
198 557
1035 772
1984 913
241 1461
529 1917
1843 1368
1936 1046
1078 1703
1226 1110
1213 592
1916 17
1608 322
1814 986
1244 918
38 503
1146 932
593 620
576 1374
1942 1918
674 743
342 601
1819 1333
441 1400
80 712
1855 1838
983 1216
1564 1601
115 682
1256 1754
738 1873
475 747
816 1067
1809 395
718 117
833 1412
1583 613
456 978
1051 86
1217 322
975 118
663 1904
1846 1467
547 343
1038 707
139 217
1028 445
1568 1654
1772 1774
1706 104
50 583
621 1532
238 1760
1709 1715
498 309
6 794
1228 1231
508 382
1513 1579
1410 1763
663 985
1571 216
60 1394
737 1934
2000 1995
1641 668
1402 1928
725 933
1612 1803
1135 878
555 1926
1285 579
1585 69
422 359
41 1236
1014 1169
227 1761
1336 485
1341 1900
646 150
467 747
198 888
1410 1063
620 1167
20 1881
40 631
1232 1545
846 633
75 431
498 1406
80 263
958 486
83 936
1307 1270
1514 1345
880 1681
821 1468
675 1086
1604 1389
1730 32
1508 694
1846 1738
513 1812
1600 732
1960 1881
517 1828
897 1177
260 730
1237 193
1419 1638
143 1715
809 274
540 1786
1419 729
1770 1987
1643 1363
356 1291
1903 1041
313 1130
1853 8
203 1192
1929 456
75 713
404 897
866 820
942 129
598 743
1483 1403
1578 801
1292 399
500 921
1076 534
834 1929
1962 1255
1689 1573
1655 674
1399 1888
976 1466
744 1958
514 222
332 1325
139 1791
1149 1994
1565 1196
1631 1226
1964 1166
739 1274
998 357
547 911
731 186
1065 590
915 947
1630 508
1307 1646
1651 1750
1924 1711
1058 368
126 1198
1635 212
458 748
24 1902
421 1748
1097 607
416 232
787 1695
743 954
706 1621
412 1832
129 1042
1068 1887
1053 941
1181 152
1456 953
1666 1528
928 226
658 439
271 300
1606 874
817 1310
1172 1852
1655 399
1429 715
1430 1148
1326 1085
548 1513
1778 386
411 681
318 1567
1337 124
1003 277
145 443
630 212
925 319
1667 525
1064 982
1140 631
129 1615
1506 87
1068 1330
1554 1853
296 968
1663 1945
851 1642
925 783
211 1610
1769 1056
1199 1634
752 1436
1280 977
644 600
1894 1015
1570 1294
1812 1243
871 73
1721 906
1044 1945
23 1302
1435 492
1018 1442
1537 1128
569 916
1086 647
441 265
374 1465
1755 1236
1801 652
1124 1905
1037 1638
150 594
1809 1645
678 23
894 487
1395 318
953 279
1730 797
1457 1779
596 1177
670 1940
927 783
237 945
1926 1815
994 1464
702 1945
838 1385
453 773
1310 1827
940 281
1980 1487
190 1596
175 1704
684 1814
1742 101
1066 522
1822 1943
698 1686
25 1036
1551 1537
1554 871
1424 640
1959 476
1947 1340
243 1354
1525 856
61 393
1480 1399
635 1502
732 1052
383 1964
1566 643
1731 18
1235 1219
246 508
1664 1821
1821 244
1464 31
1617 313
1963 71
1532 1682
994 75
564 1652
359 260
1445 1817
1797 52
805 442
1637 821
238 643
1130 1437
229 1256
587 1195
619 912
1923 610
546 1024
753 714
40 139
460 1068
1830 23
697 771
719 378
1260 1269
852 89
128 1457
259 1865
443 36
1932 1342
1632 1284
1480 529
1078 1225
103 1826
1125 969
516 615
879 1229
683 1502
391 205
1428 640
1490 1303
776 1127
1199 275
758 545
663 1017
1438 1648
128 826
517 1328
1056 1454
557 47
1516 1368
14 1370
679 1564
2 654
773 1923
1549 1910
1042 1056
67 460
1207 10
965 427
67 93
30 83
1788 690
1932 372
632 349
616 1511
357 1616
1614 882
549 1362
292 1229
1267 1689
1880 1708
426 119
1408 1347
159 683
1269 1140
1175 1855
1452 352
170 112
222 1865
1386 748
309 88
881 492
1449 1938
522 892
815 465
1132 1039
1617 233
1304 262
611 340
1750 985
1595 1290
619 705
227 1843
1816 225
628 1201
77 1473
1207 1843
50 1979
1840 1346
1817 201
1646 1463
1305 1315
302 329
1685 562
914 311
1273 747
1164 1691
512 13
637 1539
925 981
1724 931
1371 653
14 748
1876 614
635 1663
1289 658
1014 255
821 1145
700 1918
476 1614
1523 1127
1934 237
1773 443
1814 519
1887 183
822 605
623 1038
573 293
683 1453
1056 833
433 106
1617 992
1875 1668
1232 1515
1609 976
1080 1250
157 611
191 1668
221 791
1339 1924
540 1115
1751 1115
782 1244
1342 832
1966 126
1549 915
1348 177
1223 1095
302 1261
1784 808
327 618
828 921
744 1784
530 835
1264 1535
1286 266
1602 1419
648 650
1761 298
1191 651
1123 849
1785 1692
553 1063
1027 1047
1499 114
1264 1245
548 750
1442 1538
1793 384
1176 446
718 1393
780 1900
1798 953
1986 258
593 685
278 1537
1882 211
764 1638
19 1379
1439 1404
1022 1338
1395 758
214 477
679 315
1043 690
1018 453
603 1637
1487 709
133 1945
155 587
1312 138
410 1994
250 269
1320 389
1050 562
1573 678
1904 323
220 1876
926 1016
414 384
50 183
180 1274
1882 760
423 1958
779 726
587 1281
508 590
1917 283
166 880
1475 750
702 1286
7 436
1572 1468
1297 294
1195 1411
972 1629
1791 429
366 1844
1354 288
29 702
1306 1634
1504 1872
919 498
940 16
1954 1358
1918 1639
1656 539
1449 1326
1232 1962
302 1144
83 1774
1396 798
1703 1246
1055 1667
1240 1024
8 709
409 1418
455 1725
514 1235
1139 70
218 58
1362 1519
1353 1264
1866 667
1853 1187
622 163
165 482
1222 914
64 1599
1159 376
1228 263
342 218
1639 1831
1035 353
1556 69
455 1559
519 1697
66 779
1008 18
575 717
1751 1947
444 1752
1391 1356
1726 207
456 962
1175 1323
1607 696
916 1086
355 392
66 557
1064 584
1044 1638
1797 96
642 1806
1807 187
176 592
636 638
1036 1503
1413 1016
210 883
359 86
1020 1164
469 754
936 249
153 241
896 647
1801 1744
481 1641
516 1328
1577 57
569 810
114 1625
1967 148
423 1755
1011 1937
212 1374
376 196
1922 1571
1767 1951
898 335
1717 1106
654 816
506 1466
1839 1507
1105 1534
721 705
1221 244
1941 267
316 1777
492 860
670 57
1677 257
1012 1911
739 1049
1628 337
1205 1536
1024 541
1542 1665
1328 85
952 329
938 356
955 590
1752 540
1790 116
1102 90
1548 272
650 1623
592 869
1148 300
1081 1585
694 900
1358 1907
1157 1420
1240 826
541 43
125 1410
1360 115
1550 712
372 1081
979 1043
1834 1671
986 829
400 424
1324 1849
1750 275
1384 136
284 1550
1376 1064
1833 1273
195 141
204 929
977 743
743 524
1191 1592
1940 734
1780 925
1125 1332
1377 1926
1753 1807
1514 893
680 1562
1149 762
1248 1857
108 148
1491 551
244 1012
1418 851
357 691
865 202
1081 1019
1857 106
917 561
442 365
1582 528
684 1108
1356 1838
1542 555
18 590
290 1323
1163 662
1510 547
1969 1973
1974 1394
1061 779
1033 1382
551 1225
177 1844
701 1973
291 456
242 550
1184 1893
761 44
1804 1616
1611 1906
619 364
1636 1451
516 1130
1696 456
178 1529
1788 1866
1017 1625
1393 1250
1500 130
1392 1595
820 1084
493 1544
175 1490
1565 1171
1161 885
1794 1719
780 625
1686 221
1160 1467
720 915
1077 1054
161 112
1282 670
829 929
1110 530
1998 1705
862 1723
603 568
1759 1068
1940 1930
1378 717
1125 140
135 1986
248 1204
719 1276
109 13
1896 417
454 859
471 859
849 1647
41 698
908 628
161 557
914 165
897 1937
977 1055
1240 419
1281 1803
1564 806
91 1373
870 701
746 1511
1647 387
1150 1193
505 1799
127 172
1947 1863
1036 1630
972 1448
1612 105
664 1071
1657 1348
302 1735
1178 1363
648 1605
401 1314
1500 465
1782 59
572 1020
509 1578
1509 1421
1182 1405
67 764
1221 1589
1705 68
1523 737
1727 1791
1405 1757
912 1896
201 150
607 827
528 1652
1904 883
572 1653
780 1370
1705 759
1045 1918
216 1155
1774 823
1938 887
488 3
254 558
1267 1735
1931 194
353 551
557 325
424 1119
100 432
409 1453
83 1346
266 366
1282 610
1377 544
327 996
1908 1539
35 1088
142 804
129 1435
950 655
272 1058
1742 584
293 741
1040 591
856 588
1392 910
126 914
806 334
165 350
1562 639
1609 1220
1133 298
1312 1538
319 554
1887 577
1129 387
1646 152
1188 848
566 1092
1967 1827
1731 700
632 1344
1202 628
907 1353
527 887
894 268
585 1442
825 1683
663 1603
1954 566
344 843
1840 1101
793 1256
1304 1759
459 522
1939 327
1596 1878
1295 1423
1699 787
443 1022
1312 361
1618 1377
1801 113
862 303
823 1599
406 1549
913 1925
683 1416
1895 1915
1857 1447
622 1947
303 1483
1579 1658
1069 680
1999 1705
756 165
1625 456
775 797
1478 1584
1518 933
776 1056
993 814
332 1496
1535 354
806 972
551 1527
1072 1318
1902 1450
157 177
215 1621
168 883
1001 5
1065 1432
1047 996
717 449
1120 943
1105 792
641 1555
1254 1093
1677 510
940 311
67 1649
1369 1143
129 538
1931 127
1307 1209
781 838
527 358
985 731
677 693
1062 1421
1604 1912
1566 857
827 930
1771 525
983 1745
607 1733
73 1142
1194 1708
1553 1215
62 1854
815 1032
167 437
352 1050
1076 227
262 1419
576 581
1661 1816
333 798
69 520
142 380
312 615
1952 153
1361 1934
1645 260
549 1291
319 1136
419 1702
1526 993
1953 801
1495 1106
926 827
416 1184
711 1903
845 1465
660 1247
1899 586
1664 1013
1488 1171
1085 47
809 268
647 1556
1343 1483
1457 392
267 693
1353 335
1120 1614
344 581
290 1399
1275 1834
23 911
581 161
1409 1630
567 1014
1031 1987
1881 1470
1204 419
155 1708
1316 59
1831 1348
240 1056
629 806
888 96
724 974
67 325
1378 1631
665 24
1828 1544
1989 109
1235 1806
1756 872
1740 1061
1628 1999
1742 431
1142 543
594 481
1611 1540
394 145
415 1289
628 1652
307 981
1630 1375
137 369
1705 600
776 1560
1073 230
525 1411
318 387
1815 1960
1615 362
1503 1528
1790 1552
957 1592
144 1393
1541 1412
111 1773
1341 1938
219 1787
933 1387
1977 1990
669 21
1744 379
1353 1029
330 727
80 306
131 1870
973 65
1201 301
1174 836
1375 292
1736 204
723 709
645 1881
485 886
587 402
146 212
990 1005
1609 1133
1424 1791
322 565
566 848
770 513
1637 819
257 1142
704 1797
1920 1667
925 975
287 458
1235 147
29 1055
686 1496
393 409
51 1807
1655 32
833 1469
994 1861
695 1775
283 672
781 97
57 1855
116 350
1950 1309
673 1413
1159 1909
1868 702
1048 1271
348 121
932 1886
1719 1576
121 305
318 1141
196 421
1124 1073
756 1961
1900 254
933 826
585 467
234 131
1153 1857
327 866
1585 1682
129 21
1051 794
1699 662
1342 94
1563 1619
877 1296
1854 682
448 510
477 1710
271 632
1947 1659
969 1402
231 579
171 729
1488 1610
1230 1651
1325 185
939 1794
222 1410
447 1871
804 1420
1908 38
737 846
573 933
946 1005
264 1485
876 1390
1322 592
275 507
336 251
1025 1683
450 111
1160 1690
896 282
1385 129
980 1443
1610 586
1779 81
1545 521
936 1993
632 684
1369 437
730 249
696 701
58 1134
1782 1527
717 973
700 1190
958 457
576 1314
1242 207
600 1806
1110 78
544 1488
150 574
492 1993
584 1227
712 1024
491 3
510 1853
43 1219
800 245
1469 1723
770 775
642 1638
49 382
696 1935
1654 324
570 1156
1859 656
1808 686
997 535
1316 413
1179 1433
1764 531
1948 330
1643 866
1878 1551
1330 49
209 1461
1281 595
175 744
396 715
1802 1367
352 652
920 501
1021 1124
388 1355
1385 519
1679 1500
1050 710
1869 1113
346 477
1174 807
573 630
1890 1519
1210 1869
1299 1524
517 675
1694 1199
1420 352
1682 591
1193 1270
401 738
1838 954
260 1571
267 941
1426 1056
181 47
1332 1662
1276 1672
11 416
452 1882
808 946
1861 285
410 1220
1330 855
1576 643
602 206
131 1805
275 132
1552 1948
1421 785
63 493
1392 911
545 765
665 1406
1106 705
199 1545
1180 1892
754 752
1817 1893
1069 1968
323 1929
1452 612
980 1701
925 740
1673 346
1176 350
665 1871
1180 382
497 1767
1645 654
83 538
356 1400
49 990
567 1332
1843 1623
1665 1567
203 1216
1596 1137
255 393
1766 673
1529 1958
61 192
1424 1622
390 1058
1744 1935
1914 307
26 1996
900 598
629 1625
156 1375
1482 297
751 1258
1432 1156
1696 81
1919 951
1797 1409
711 1704
1511 129
934 1076
933 1615
1325 317
1528 823
1278 1767
1258 1436
1541 1449
1185 1199
262 1588
288 1419
1301 293
292 1347
436 1359
1626 850
1666 445
1618 930
1361 395
1207 1390
722 199
1294 1301
1084 1453
270 553
1360 589
240 1906
874 1521
779 1485
657 1217
596 1541
426 186
1539 484
1048 393
592 773
1732 467
212 990
215 1417
160 881
1727 1508
1944 195
58 1476
399 1938
1590 1684
162 1382
1446 712
13 1304
184 230
256 563
1508 17
1551 1631
41 332
1260 1537
714 621
1870 914
293 1842
1769 1513
971 22
163 1237
97 613
1632 1751
727 1249
814 1812
123 713
1002 1116
93 401
1033 96
593 290
612 1939
1297 811
21 1457
411 1737
1722 1171
1593 1801
395 944
1653 1977
1690 949
858 1454
1099 1700
1864 1120
901 1682
1188 442
66 717
1831 656
1800 60
1377 1739
1337 180
485 1382
789 450
1877 419
333 1990
1939 1900
1192 91
425 23
1158 1328
1854 941
1838 310
706 1215
979 770
1896 1118
588 1215
1728 1776
304 1742
1366 1418
1354 322
396 610
736 21
1012 1242
594 79
1186 651
1531 1446
1338 830
1619 419
238 270
881 1261
1735 1245
1497 1239
335 716
431 1241
1378 1470
939 1974
99 597
11 1719
321 499
428 433
175 1252
659 471
609 1152
1550 1873
1315 1996
946 425
652 1504
246 1243
288 1875
593 1704
330 953
1097 632
1136 978
1445 983
1357 1890
1218 96
666 1463
941 783
51 293
954 1182
610 524
350 787
1202 1352
1787 1282
1943 605
1330 1089
745 1575
1084 868
330 807
76 1103
1852 1377
1209 481
1422 415
1460 214
947 61
1888 665
182 794
866 183
314 350
580 1017
965 1501
1106 1441
425 692
1024 1492
1096 1867
1958 95
949 1117
858 1410
152 1783
1663 532
659 1256
1232 801
1231 472
101 525
1634 1764
504 57
324 1900
1065 190
469 773
80 1528
1292 451
1095 845
1814 344
1657 805
256 1907
1181 981
1091 1151
1422 1441
1629 471
1795 125
448 136
615 250
1149 1822
1705 264
875 649
1621 1352
503 722
523 1753
1322 430
1506 668
1750 1403
339 1105
1538 43
1888 428
1583 585
1364 913
765 1110
910 561
936 1196
1379 1408
1710 324
793 1657
131 1150
890 703
249 1837
1857 893
476 1004
443 1245
540 180
84 1753
140 1378
1445 1766
838 1353
1377 1508
1965 667
1567 379
1434 869
85 456
222 314
1164 1057
1271 1649
906 1645
821 862
1397 1535
1731 499
1364 1768
1256 1937
3 1511
562 1386
266 1059
1221 1501
452 1664
1104 229
1252 421
904 597
905 444
356 1390
1157 1302
507 1482
162 518
1941 1701
886 1660
464 326
1506 312
1218 484
1737 896
403 1217
745 1230
1521 285
1177 1145
521 1789
1752 1731
1756 1819
1425 87
472 1921
1319 1227
70 186
560 752
481 153
627 774
50 142
1997 688
1604 954
511 301
1491 291
818 1631
1847 1734
1060 1936
14 1128
434 640
241 934
1688 10
276 913
1126 1889
1078 1456
1249 634
605 98
353 1501
997 712
465 431
854 835
1478 265
1705 475
892 1246
453 390
804 56
1293 1477
332 1285
908 1938
30 144
365 1567
1627 951
1973 687
267 863
1923 330
72 501
937 823
883 15
208 245
489 748
3 1014
1077 1724
529 1442
470 4
862 1290
350 893
1369 758
720 1747
622 138
989 1181
71 1452
664 294
1384 405
1715 1403
1684 234
1173 1695
586 1883
1483 475
1713 1978
377 734
639 722
1537 542
1318 1398
1878 275
775 1206
817 986
1851 1641
654 1783
934 115
1731 495
1508 860
1920 1838
1205 988
783 362
458 1839
1178 1864
915 1698
421 405
1521 1053
1152 1827
676 413
1606 1419
1229 1436
487 229
1067 757
153 873
761 252
465 975
1755 512
1793 867
1745 1862
1564 42
190 1059
914 842
880 877
1848 1788
1563 1871
1687 157
1334 1199
609 18
667 1386
651 277
304 184
1222 1137
1140 1945
1897 1250
120 176
1827 1739
1371 1223
756 28
844 1681
250 1689
971 1269
1073 397
1813 441
1121 409
1620 1973
351 1584
39 1714
431 1000
265 1637
817 176
1418 1826
708 134
1743 990
50 545
1921 10
1543 407
1270 1251
559 1054
768 1581
585 1975
1083 656
1966 778
1256 188
1225 1971
728 1653
642 1000
107 1680
1942 706
39 979
1989 1969
777 118
1278 1416
327 28
521 121
1696 1303
133 355
543 808
629 175
517 1745
1213 404
937 137
956 675
316 194
691 438
2000 1716
824 1473
1106 1067
1433 1897
1502 1414
726 1464
563 240
1495 971
13 239
809 80
939 725
1773 94
981 306
217 1801
1344 378
722 1602
849 1248
1115 1081
1667 414
529 226
929 1224
714 46
453 1846
1092 1823
1364 228
156 1235
1620 694
1173 1466
105 1281
568 999
448 1297
1598 1680
791 388
955 1786
651 305
1134 976
725 1664
1032 92
1924 1031
1857 1743
1730 631
345 1291
139 1678
1615 56
1924 587
676 1750
1985 547
1571 438
959 1968
38 727
218 1636
1765 1184
96 292
1602 1461
1241 1916
1572 1792
1393 1829
1334 1783
365 1912
1470 1431
727 1890
195 457
952 1952
1225 1869
269 1731
832 1809
1608 254
480 784
672 838
1631 1022
947 1300
1213 869
990 550
171 1610
636 106
821 200
80 1250
892 1677
1771 888
1203 1268
887 1895
1171 190
174 1940
717 952
792 625
1806 484
1552 1667
1919 1169
34 1056
1686 1874
1085 653
1323 280
578 241
136 324
1673 482
1194 1843
1382 1440
646 1694
663 1556
523 929
1535 642
547 1063
1559 1190
1731 1937
129 1598
1605 1188
250 320
790 2000
1984 743
1839 1071
1268 1098
1967 1586
1150 702
1545 1574
1544 79
236 642
808 3
918 88
10 589
743 205
1465 1959
1853 76
805 1018
631 1132
651 460
1573 93
1335 318
968 344
754 1401
280 890
670 1611
1268 882
1586 427
1846 601
213 1121
1022 201
43 314
1950 1247
1773 936
1558 188
1099 697
18 1952
466 590
508 53
1708 35
3 925
543 526
1559 1971
178 1197
1985 1206
1785 1668
260 367
991 1381
1364 769
1443 402
1389 1362
880 1198
1804 905
1553 655
688 497
732 1357
371 1134
284 1885
1331 706
1719 431
344 713
1013 1620
1366 472
1158 1316
1578 1804
1175 1422
494 559
1772 670
1101 1482
694 1056
638 1190
454 233
239 909
1845 151
448 50
1368 1967
1479 121
1685 574
50 1542
536 1069
1546 788
1219 580
49 1952
88 200
1669 106
1130 1292
334 589
1932 1528
1902 314
610 1784
1583 1893
990 376
1418 1257
5 804
1107 390
1540 1668
1765 1747
274 967
1998 1367
506 1708
794 417
1156 1258
193 1050
1370 1984
1243 1394
1106 1990
1622 518
459 1199
1832 1808
82 1866
802 999
967 1507
1319 543
1620 35
939 1602
759 861
545 1615
1669 1044
948 1468
32 1098
143 1390
1861 104
1452 1576
301 1334
1299 915
56 987
1548 102
1343 1878
145 1039
833 662
775 271
1036 9
624 1341
76 132
478 1776
1737 261
870 1562
1248 1506
1651 1567
1102 1957
645 1644
1902 1976
1833 1931
420 536
275 247
96 808
1645 618
298 188
1078 313
182 1130
472 199
894 846
1769 1634
1006 260
208 1437
460 408
1824 1329
923 1636
1834 1882
401 78
1953 56
423 757
1356 1709
1264 1693
1640 20
823 1140
1315 1360
1614 1576
1617 260
1745 1705
366 1052
290 1053
1029 1239
1951 1223
1989 1296
467 1863
155 153
1667 532
198 1717
198 89
1059 73
1144 1357
1500 1162
206 1652
758 161
1955 1093
1314 839
390 542
1442 1303
1332 615
1542 1014
1130 514
615 974
916 1412
1703 513
767 147
94 1303
1049 1277
485 1105
566 1697
1248 328
1997 949
258 710
1384 1614
91 1540
1964 1715
331 1045
309 1443
813 798
503 1331
437 149
347 599
260 1650
500 555
1185 1423
1745 547
387 1393
1236 1582
134 238
306 943
1210 828
8 713
546 1677
118 1928
1216 1085
231 214
1073 1864
1074 739
1469 65
714 252
243 1625
1147 1988
1879 399
279 1350
1762 1275
14 253
1062 1299
1662 1408
171 1790
837 978
510 1471
1853 384
735 162
1990 1230
415 105
1376 1024
267 1508
1322 106
1326 882
1192 1850
927 767
1332 7
755 377
1670 1591
1869 360
1483 181
909 1598
1303 1670
1379 996
726 273
406 308
835 1090
543 677
1889 823
602 663
1065 277
555 1347
1886 925
1823 893
1937 1566
1852 1923
1518 763
878 826
1929 414
1254 941
1681 237
629 1708
1096 1039
1548 318
1231 375
75 744
1346 683
1293 112
1363 1728
291 464
1102 1172
1932 777
847 239
1565 445
1008 1256
1728 46
1783 1608
660 1822
6 852
91 348
1945 1482
1364 665
943 1218
1702 1401
1408 406
444 999
116 1283
991 1954
193 1550
1701 1560
1803 200
1947 648
1473 1021
648 1466
835 248
696 850
1267 29
1007 286
1475 1780
488 1688
1743 1415
1688 183
624 1492
87 460
213 1649
61 1956
789 568
1097 1179
427 395
1371 1375
1622 1311
250 1526
1429 520
1914 834
1571 1535
206 1089
1348 728
868 293
1048 1679
573 1333
1502 1188
1041 750
1777 292
1849 183
305 626
1027 1583
555 1310
516 40
1686 20
353 366
155 1706
1149 758
1298 102
412 545
1299 1859
1923 1309
1267 887
1882 1548
996 1099
385 1407
349 1958
246 1794
763 404
724 1686
1833 884
1803 1180
552 1567
703 1100
424 1918
260 524
601 1934
1264 46
1981 5
678 494
1897 1294
349 1864
1773 355
1066 1363
243 1878
461 691
1441 925
839 718
1638 690
772 1129
755 691
1754 1943
1213 1738
1290 1478
874 1907
1722 745
895 1947
505 960
1786 1572
535 1754
1092 417
225 449
1408 480
395 491
287 809
882 1637
1857 1627
617 976
1837 394
550 1264
242 919
409 548
1871 1923
1128 627
774 87
1382 440
209 247
1443 260
1161 603
445 948
409 1900
985 786
1933 746
1443 610
623 258
274 207
142 359
1403 358
1776 1020
9 906
338 1222
440 1590
1450 221
456 1413
1508 43
385 927
791 1299
1352 567
892 336
1945 1266
1685 1394
493 763
1528 1880
1403 68
662 1685
1979 1055
593 1753
1855 1948
1556 351
1941 1699
1527 1285
1526 957
655 517
481 396
809 175
1337 1451
1858 1744
669 1451
172 1157
805 133
1896 1756
165 732
77 1024
1852 1867
454 100
495 1065
1358 1112
1686 48
1808 673
1594 1278
1131 1582
1372 1292
1819 35
1182 1920
1509 1417
1808 816
23 944
1612 1518
695 355
1886 9
57 1594
1213 1889
222 688
901 1051
283 1032
289 671
1068 527
916 1900
1637 1226
183 319
98 1033
619 1961
134 1557
929 495
622 1612
1897 1925
1030 1403
169 1254
1848 970
1902 1405
455 623
1718 1844
764 1260
142 1439
1641 757
1067 1922
381 1983
1497 233
1386 920
1314 1901
35 1382
1584 851
1821 922
440 490
991 1483
1015 645
1760 116
285 30
475 688
1127 496
760 546
542 446
1653 920
555 1805
1854 725
780 1178
1211 1350
22 1025
816 562
1040 1688
1688 30
160 1014
382 1059
1407 998
84 477
201 543
110 1705
1736 1733
974 1878
1545 1953
1892 36
175 486
861 1312
586 285
1446 111
1284 94
218 697
809 122
1473 3
1682 441
1045 1359
24 845
496 698
1933 1736
513 1695
485 1278
1977 585
1072 1182
132 1551
48 1986
560 9
1062 674
789 385
756 1742
7 290
385 1829
292 836
315 429
122 1221
323 870
700 1772
1030 1093
1490 1590
969 1172
1404 930
483 1088
1542 1404
1065 918
1030 672
610 1217
889 610
399 475
1342 865
128 1720
637 1897
1478 1889
245 887
755 323
823 832
1255 893
318 280
1645 934
198 818
733 627
1910 1979
1088 221
1633 1357
1418 2
1287 1923
584 364
324 943
454 618
1162 15
1528 1603
1694 1610
999 1290
1850 1136
894 1060
1826 1693
1279 851
554 110
1347 1779
740 373
388 418
562 597
88 1012
1465 816
990 1013
1673 1583
1146 631
1610 1522
1725 1591
1705 1502
625 140
717 756
892 1164
108 1921
1735 324
1397 727
425 1449
639 1087
1254 1460
156 1295
1019 1297
804 351
1345 1737
31 1340
1949 721
263 1786
1990 1675
1370 512
678 608
1382 1193
130 1793
975 135
1098 438
1695 621
240 1350
1362 515
351 1106
169 1634
1478 1665
155 1587
504 399
1323 1524
1787 415
847 238
1070 1655
1351 1314
962 1232
749 1484
1781 181
182 155
1107 410
276 1568
1386 175
1494 1202
52 1715
1373 419
1936 1863
406 1336
977 338
1327 534
1242 1518
836 19
223 261
983 220
1925 1265
713 296
1909 130
453 749
1012 1916
1794 1708
301 553
1815 1734
69 1565
1871 250
717 481
831 1981
741 1408
1508 1832
247 374
875 1373
109 369
922 1130
1926 1255
245 1133
713 362
1485 109
328 631
1896 684
1769 162
1805 1466
299 1402
1853 1218
8 452
246 724
1371 251
927 1353
418 1952
152 1420
60 552
349 1505
703 278
435 1736
369 776
1166 837
1493 1537
138 685
287 1680
1170 1108
1258 893
1884 696
363 1939
108 2
1620 887
1453 1060
1258 908
1264 321
94 51
1631 1485
475 1726
436 1704
1735 1995
860 1719
1113 28
1830 9
566 1314
1558 1144
144 223
879 793
1965 195
259 1854
441 1095
1348 1068
816 1941
83 702
1535 994
772 1332
1108 144
791 196
152 1522
170 798
1211 665
1454 952
788 1162
907 1880
67 519
1778 651
605 27
75 1072
435 831
697 1104
1012 3
223 1188
7 507
1183 1424
1297 481
1979 1805
806 1389
977 301
1590 1269
232 484
1546 1127
363 724
939 1769
1091 1182
565 1387
1601 605
366 226
1713 59
1611 1572
1980 1707
512 500
125 841
1466 125
1573 1498
364 534
645 1509
1952 1039
355 813
716 338
1375 1165
866 1935
1864 102
741 1267
1723 829
463 165
330 612
1243 1740
103 1093
1105 407
54 1675
519 1623
866 1745
1442 1754
1430 698
1039 724
594 1831
145 1469
1259 1051
1873 1655
1544 1745
223 1830
2000 1662
1121 1403
717 700
352 720
1716 102
1666 1871
1867 978
724 1604
1521 1582
1463 1927
1925 254
667 24
304 546
128 720
256 1413
1036 1578
286 609
1416 1420
1357 1230
1608 1440
1516 1541
49 451
1082 971
1940 819
1214 1220
1085 196
1580 1031
156 1924
1442 1491
693 1143
364 1747
449 807
1591 1307
14 1417
1512 226
1213 1745
341 231
1777 1162
1592 966
1757 404
1980 1641
329 1566
397 1249
2 1267
1456 1010
255 1803
922 1859
1533 86
535 197
1233 1914
1436 1721
574 1382
745 1952
1887 896
146 709
1988 13
945 1219
193 1894
135 1663
1083 649
1913 1526
242 237
1275 737
1606 1901
121 1412
1945 1459
939 1464
1790 1727
1607 1311
1217 1404
703 217
998 783
1463 1063
107 1606
969 807
442 929
1683 292
750 1595
1135 299
1968 1370
1680 1134
1055 1150
1605 1463
28 229
1372 1541
607 19
550 1802
1290 1657
1679 193
659 1494
53 711
788 1294
539 128
596 343
1538 870
380 1226
987 978
790 371
887 577
898 1475
1121 609
490 425
203 1232
992 955
1712 880
370 835
1402 122
170 839
265 1525
1332 609
1817 1479
287 172
1068 1131
1120 1558
502 1633
1599 786
1748 408
726 1639
1418 1517
1880 16
1629 491
1914 1575
1430 28
1113 528
136 1208
1067 78
736 13
1237 767
56 1494
567 1772
71 1097
1433 10
1307 993
848 1802
1313 1200
1236 1179
1877 944
1015 763
1939 641
1352 37
176 306
1080 687
1848 1049
218 4
238 195
1092 958
1545 1025
373 798
1387 1386
1727 708
1321 1032
1522 1723
1274 1372
1860 443
89 130
710 1132
950 1265
1484 1603
1537 1017
528 1702
877 58
494 634
1551 1736
1105 621
890 327
1583 1614
1063 34
1253 1870
1110 27
362 1642
377 473
1393 53
1010 1427
556 1335
247 612
1446 1956
1651 658
1484 347
649 1288
1296 1633
869 1177
1711 869
1981 1626
1882 1497
885 1939
188 229
24 1150
517 1943
875 101
855 1099
1136 1699
676 1320
808 42
75 541
520 1022
1844 297
779 667
688 1204
1277 1134
1676 40
318 878
373 449
514 1835
361 265
289 612
1558 1326
1066 1943
612 886
69 353
98 568
141 84
233 199
793 37
1072 1384
687 1729
1872 1243
1690 484
660 435
966 1468
609 285
1915 1443
1466 950
841 738
1160 1078
276 43
134 57
814 559
1095 874
1834 982
1678 1099
441 93
741 490
709 1296
854 731
1774 1220
508 1719
729 18
1358 91
669 1502
261 1839
1253 1659
1350 1051
1295 686
1494 1407
510 1132
1603 1689
57 158
685 1208
996 15
376 1168
228 401
1024 402
1670 1017
1741 1639
571 1413
1836 1853
1772 1431
1054 82
320 599
1868 1401
1209 11
243 454
1767 1164
1413 497
1491 1009
699 11
1815 1274
1675 1423
514 378
1198 1980
1297 745
1496 1308
1314 875
1763 906
976 1844
1604 1422
401 20
1697 8
1823 1496
354 44
1425 333
1043 106
1070 1125
1307 1237
1937 1758
531 1755
1892 396
1767 528
543 1664
1516 40
1244 1119
103 1653
865 1942
684 907
1552 926
774 1152
526 1997
190 1355
1518 1089
163 477
1475 910
21 1715
1684 1114
410 302
1840 1896
1825 744
55 1045
1905 1366
46 501
886 556
270 937
1523 523
678 1592
832 1430
1953 1080
1989 810
1415 1711
1497 696
475 549
387 816
743 1853
1260 745
1668 640
431 1435
868 52
920 188
1606 188
1772 332
1881 1064
1385 473
299 230
1995 1040
1260 911
1633 1847
558 1912
943 1990
1423 584
638 670
380 122
862 1298
1582 279
74 1513
114 1814
1404 817
217 787
879 1793
553 1117
1971 1273
1338 1734
792 434
599 1579
338 1229
285 971
712 1609
239 1192
722 862
1134 1815
727 1351
1791 1386
1594 178
982 468
124 1988
1544 855
37 1995
1594 229
762 834
287 1655
1786 1312
496 434
1217 1570
1366 185
1697 389
665 1504
546 1113
858 1693
418 1806
1715 1756
1865 1064
175 288
1980 643
1540 1776
1785 557
1357 892
316 1550
227 913
1883 1692
927 362
1925 1763
754 1206
53 1282
1589 118
563 888
712 1745
964 1433
1362 456
1877 359
920 1823
1151 967
1386 1790
1376 340
1886 1827
1122 328
1213 1919
56 1125
1806 1464
972 1688
1549 1969
724 924
568 38
1298 1573
971 1229
277 1972
873 463
1683 1708
50 718
182 80
65 743
835 1799
1299 916
140 547
219 996
855 1572
183 479
977 42
831 339
1445 1491
306 902
716 657
1503 1049
721 45
506 629
1540 860
622 287
1581 120
1145 189
473 1592
680 746
796 1876
1173 262
1411 1169
1550 1328
875 601
1352 887
1685 1911
1344 807
57 839
313 429
1035 378
1901 765
908 1328
1560 43
566 576
1051 1696
1582 1660
1699 1356
331 1893
1367 1814
1614 269
1555 865
125 1190
1210 974
461 56
152 1510
830 823
410 1954
709 590
692 828
1657 1032
684 892
1053 261
1971 830
1785 714
172 1236
1072 526
213 896
1393 874
1838 1746
1023 1775
635 1707
500 1640
819 288
923 962
236 402
299 1128
1877 17
797 846
1586 973
962 1371
1207 647
1521 1156
1961 1959
1068 719
1284 924
1140 1910
353 1420
522 1703
1367 989
1865 1719
804 1549
1298 624
713 208
1868 115
79 1555
1680 1880
1423 972
1955 1410
434 1110
112 1092
1637 1260
39 1753
882 427
1624 308
1647 1496
1593 1535
1851 239
395 1555
1286 233
919 1008
556 974
1771 485
945 1181
7 902
1722 227
1802 1819
1204 208
1834 1416
269 1580
1118 1263
199 303
806 285
1006 1902
668 470
928 1959
1903 6
1816 2
1964 138
661 615
1859 100
703 1118
1364 132
1701 1189
593 527
1022 1230
639 1070
261 1422
1648 1076
964 1241
586 1629
203 1715
57 573
1238 1913
1569 1676
174 740
1923 1429
221 727
723 525
170 631
817 1520
1778 161
1801 110
1983 882
295 1325
1610 1234
915 1952
442 390
96 1506
618 1663
1324 767
1248 1690
434 866
59 371
1790 886
1570 1431
429 29
396 426
1010 852
871 899
494 1169
612 1500
654 537
1393 705
1735 1751
520 733
494 1280
845 1561
430 1000
569 924
312 1715
621 360
1903 896
384 1591
1726 1163
1520 281
606 528
808 1639
1952 1448
709 1789
1935 1361
1246 1324
323 98
430 714
1834 836
1693 1907
297 1347
1441 562
1155 1404
1655 1325
1032 1317
1717 750
183 346
155 986
107 1477
325 1548
1697 594
1218 1475
100 118
506 1741
1840 70
3 1091
1790 206
502 721
1309 1137
1964 223
1691 1329
852 719
559 1455
928 151
1338 1682
125 743
388 1733
244 1343
1528 2000
652 870
897 881
712 1725
1958 1912
1411 1415
36 1279
1510 1039
1661 1861
88 4
27 1556
1505 909
1303 1590
1238 105
872 1586
487 1867
643 283
41 77
502 1656
1391 682
1160 30
575 1197
208 1045
480 1898
1235 1430
59 1669
660 793
1979 1347
783 588
1234 1526
114 1167
1405 1407
1615 1500
105 1360
1782 423
364 459
1802 951
1474 580
543 1953
1104 713
73 1795
1257 1737
677 1695
410 350
528 164
345 792
1246 770
1267 177
778 1664
1916 1791
1492 1817
5 1728
1860 1349
1990 284
1121 1777
517 730
1874 1577
757 1553
508 1893
684 204
1476 176
846 1395
731 107
881 698
1764 1439
1365 728
345 325
1105 235
18 1745
563 379
1587 1327
1700 758
856 631
1813 945
1372 391
329 1037
706 201
1827 717
1591 380
1682 1208
1578 1913
69 1075
1023 1206
1445 975
1040 1479
99 48
600 1771
1575 105
1080 821
437 1172
938 1958
1753 1618
1569 1755
283 70
1835 1696
1100 31
986 907
1930 1780
1437 1988
349 1765
542 1964
101 1348
1870 638
1819 1016
1179 345
1252 305
156 279
349 1558
301 1767
874 571
1259 1339
1268 1573
1505 1229
1857 222
771 475
1198 1322
1629 882
1636 1586
272 2
316 86
1915 945
1425 1719
1211 788
447 1196
1769 992
613 1904
301 26
894 1899
931 1023
512 1035
1641 1214
1670 1225
1141 91
1144 753
524 197
1935 1515
7 1669
90 561
36 447
314 1388
282 1563
555 630
1606 153
683 1889
746 1595
689 492
104 796
245 1930
914 1207
551 1326
234 787
1952 1359
744 460
1077 1558
234 530
287 556
827 1799
1220 2
821 505
1034 1950
716 737
1726 1685
1671 1953
1475 1824
1752 1499
1480 1610
411 685
1045 54
735 404
74 781
1098 1128
1049 179
1464 274
1433 537
1385 1756
353 1775
1418 335
1656 1775
215 557
1270 981
1726 328
2 1623
1828 569
542 1657
1156 1985
1807 1202
296 183
614 875
1589 65
1132 1392
483 1707
636 995
1286 1239
76 1406
1362 873
224 457
314 1171
1634 989
1543 1525
1245 1224
292 18
525 252
1629 1122
1825 582
1468 1932
11 1329
801 1005
1871 574
14 1010
613 1684
1865 497
1947 1289
1185 839
1052 1995
574 1909
1911 559
1842 114
405 145
1998 1746
290 211
307 1156
1454 775
1881 537
328 1886
1866 207
93 527
670 281
666 1945
1699 293
1263 482
824 529
272 712
491 1500
1218 673
1471 721
684 5
1277 130
331 1162
752 787
1998 226
822 159
790 1173
890 641
324 539
625 1496
1987 284
1895 959
1184 735
949 1773
231 1092
53 244
437 341
1474 360
78 601
624 571
1926 56
1166 765
1134 177
1479 1722
604 656
438 1420
168 1492
1847 591
195 957
1780 530
1729 512
55 1677
1142 1663
886 185
1143 362
1077 192
1849 159
513 1965
1117 1247
623 650
38 54
1665 1774
676 269
1856 427
1267 780
457 113
1851 1396
1471 1726
669 1424
580 1117
319 524
1044 1868
56 1873
1844 1567
981 1987
1373 1901
1779 1814
78 1188
1270 1995
1125 988
1584 1240
1302 1663
484 1660
49 9
269 1368
1226 434
721 543
867 745
103 299
1958 1009
1482 1846
1999 239
71 777
1013 1396
1071 312
1235 1958
1388 1824
1258 1549
384 112
93 738
1037 1949
1364 677
1663 3
446 1938
485 1696
424 1504
1682 657
1759 1421
1910 1643
314 467
423 23
1885 1563
1002 964
1618 162
1161 547
1713 126
1882 607
1047 743
1153 816
1203 530
199 274
1341 1963
1141 1385
1359 678
1202 1523
319 1497
67 1392
1224 653
1732 211
723 1373
487 1636
307 194
1141 895
1880 1045
194 1924
853 83
489 1344
1182 1826
1899 1852
1146 1378
180 1350
124 1664
1196 1418
1882 1666
1976 50
1065 373
1652 1759
1485 1680
790 334
1552 1077
1630 478
63 1908
1937 1645
397 1620
33 1313
1856 439
440 1225
170 1118
481 119
777 1601
1297 43
1172 961
72 1617
113 1048
753 547
170 1505
1145 1653
462 1565
1338 1432
1563 161
592 1226
850 270
796 744
264 1833
238 1635
1656 1238
1112 1568
958 1400
409 353
707 1388
894 46
1980 61
1891 458
1468 265
271 1247
1752 900
1508 1050
1126 1625
1884 1665
1372 1469
1021 1978
1562 908
399 284
1305 13
1911 821
976 885
355 624
906 64
785 1169
868 822
412 1701
362 520
1457 1639
1667 1332
1579 736
718 1600
1892 1365
574 740
1967 1381
701 1114
1308 1190
1538 1863
782 497
695 636
1821 724
690 1392
1865 688
1156 597
914 1556
510 973
1877 1081
1438 815
1221 677
1977 191
1262 435
603 1906
274 1713
823 1353
1930 798
1393 1652
1370 16
1590 1985
784 1095
1910 670
376 384
1715 924
43 552
1514 1363
1833 1245
1803 1185
271 1576
1215 863
495 1283
1516 1980
1807 1777
1688 339
752 197
1621 443
261 1255
295 1383
546 1111
1791 1243
486 674
1837 1439
1198 599
1759 210
1708 1120
92 668
309 1064
744 1402
115 1401
1224 1373
1665 1351
1487 812
110 1212
1146 110
1767 554
1336 570
38 1108
699 394
799 105
131 742
1806 803
1902 1204
66 1797
1513 1382
1610 1628
1744 1510
1911 305
1425 1377
652 1939
179 1103
801 1171
1484 944
1304 1334
80 1784
459 1075
636 1541
317 1457
1724 222
1008 1864
169 1258
1846 681
1001 1852
251 734
1941 331
1961 1541
348 408
902 105
1697 1027
121 1086
1076 1144
676 1170
289 110
1603 1589
932 1253
397 1351
376 1516
1100 745
1189 1045
1325 952
828 1264
1717 598
1722 188
621 667
839 1764
1658 1086
1088 804
773 246
1791 305
1811 1662
618 607
1408 955
912 1226
1909 699
482 458
1439 1750
263 869
949 1962
51 355
1063 170
470 363
1413 55
1663 1025
1000 674
822 1115
1337 229
984 1659
456 832
56 378
1176 470
1919 1108
1566 1549
1473 406
21 1077
1242 1224
1647 318
1264 1761
1106 1488
26 1625
828 1562
796 876
908 886
1556 966
1213 221
1512 1174
1788 343
1011 1265
1150 872
1955 1096
160 1637
1909 108
1622 1982
690 13
165 589
209 1401
1300 1829
838 1836
1945 552
547 1617
1511 15
493 1702
231 683
710 645
978 1991
1123 1644
958 643
1154 192
439 1269
299 1768
512 256
383 1513
1866 430
51 643
1941 464
710 428
1229 286
1321 851
494 61
1042 1795
1350 742
1156 783
1144 1637
1909 637
616 1249
1025 1756
997 315
604 1319
254 1324
499 182
498 866
541 94
959 243
1834 714
1793 507
1685 189
1082 1890
1099 1152
726 1739
1195 449
1823 1731
1423 1797
1900 1078
269 268
700 592
1403 1871
1219 340
1080 238
1318 152
1522 831
292 1730
1097 1453
1648 1157
1484 199
1033 105
550 1845
578 1610
1126 1300
670 1034
979 1741
1559 972
1521 334
1576 1708
1098 720
1924 110
12 1555
19 1029
1249 1320
1714 1394
1151 341
874 387
1024 642
326 786
1489 1254
794 192
923 492
1117 1666
127 1352
901 1469
1676 428
1695 592
205 645
703 1434
60 189
1276 1172
1832 114
1170 533
551 1026
904 1945
1851 32
247 1983
918 1010
558 341
672 1284
1439 52
320 1283
195 145
1891 655
1240 858
525 1066
176 322
1299 974
530 1053
1231 1831
1992 421
907 333
