20000 100
15222 14583
1536 18964
8368 5213
4538 18641
15333 6718
281 7807
12224 14122
9785 6902
17870 17906
6044 10750
9242 19738
8389 4568
2418 6224
12619 6927
10833 836
17686 2174
15078 14916
13054 18225
11234 8619
4079 10431
16459 1789
16377 9556
19351 15334
3219 3039
9800 9859
13759 14952
11153 11574
13502 5252
11570 15008
5676 17900
12304 5717
2046 17712
15286 6205
7976 3970
18323 678
6907 1785
10662 14037
1938 19112
8093 1925
8115 8223
18964 10883
15611 3637
15786 11207
19827 17005
11139 19996
9036 16720
13808 14105
15170 14616
7990 15745
19653 5591
16711 13608
9641 10764
10779 3317
6850 10879
12813 5961
5741 17877
3597 6848
3050 1314
16870 3433
6174 8239
9009 540
8516 3336
14813 2398
10067 18041
1657 19279
5689 12226
2079 4945
5044 16918
17352 9015
7915 11932
7230 13512
18498 6563
7489 16235
3548 10201
4492 5589
15110 11306
7795 3035
8611 14667
4811 1664
18868 5916
17203 17462
11054 2210
7801 4095
4581 14386
11934 16830
18114 13085
16396 12551
7123 16338
15360 7409
8771 15132
3527 12657
14031 4248
17200 13707
7098 855
18931 12071
9679 10239
7340 19902
16350 2053
10860 11174
15464 9595
