20000 1000
16316 12287
17458 2819
18802 15244
14716 3440
15525 1841
8573 6687
10180 17243
6725 11475
19110 13794
10488 14525
6775 13676
9246 5764
13487 18170
8239 13015
11557 17790
2772 18138
12876 4111
10069 7055
16528 14346
1035 2053
9129 12838
1108 10612
6970 2076
8632 6479
2606 12283
18172 418
16106 18296
15198 16112
14797 10622
12209 15095
2176 14435
10655 9665
10354 3435
7918 13544
535 13337
15446 2755
17883 410
2358 5946
10746 11194
9252 10802
3341 8307
11154 5265
1823 1425
17338 16041
8284 16699
10615 9004
17592 16182
11547 14786
12074 13650
14512 12306
15974 17445
6140 3128
2085 13429
13422 1866
3431 15231
11690 6029
12713 2646
10110 18696
10552 13177
7130 3774
1443 12051
3683 9702
12533 14113
19699 4919
13628 18629
665 5075
16849 14789
6109 10142
1421 18383
712 13461
10832 3650
506 15081
5675 8221
15121 4981
17204 551
5471 9802
14929 9936
15700 17572
18421 2669
285 2237
10295 3076
640 9910
8542 3809
2283 13470
19410 19426
7699 9146
8764 16060
19077 3346
1629 11637
4393 4042
7379 10713
17416 2461
17038 451
3641 4181
17202 2901
4917 9191
6788 5505
10705 10592
1377 10146
1304 1085
5667 18157
4732 5463
17241 11187
8261 11027
17675 14208
13302 17508
5221 12692
3372 16273
9025 10154
16073 17715
2730 4802
11899 1616
8669 17583
8601 3422
18581 18976
19216 10665
2547 410
784 17979
18628 13488
8163 18600
4426 15029
5259 14574
15849 11794
7880 13958
18838 13569
12017 17604
7998 6747
8403 9010
16309 9312
14027 3816
4087 13725
14537 1992
4044 17177
1212 19446
14976 13670
11460 17527
381 9954
14002 9937
16067 3389
10186 4119
13201 17101
17616 9799
3238 19822
1746 14599
14265 6416
19332 16649
12325 10512
10306 4169
19884 14697
6576 2050
13354 8463
266 17143
4096 12003
7252 10436
457 8697
16505 12828
17081 17025
9842 12783
16544 16467
19334 8682
13467 18732
15873 16388
14618 14786
12737 13651
14180 18422
5104 11727
11724 7735
7532 6808
3559 13865
11671 1630
11861 7477
19191 17866
15735 1713
9555 15284
19766 8794
10907 14732
19774 10897
11445 9704
4123 2627
15638 17011
3266 11661
11671 10703
10151 6219
14239 16993
14122 9283
5374 9869
3311 18252
10932 7500
12866 2803
1523 17651
17370 12186
9526 3547
10777 17555
13031 902
18358 17625
18442 1337
17680 5177
5511 15486
11252 8722
11739 1004
14945 19773
27 19074
19350 19562
14594 8742
19395 5792
18086 7061
2427 12860
4598 19058
17696 2879
17964 9053
7359 2017
16840 388
6859 19751
5044 15319
16294 12402
6221 19725
10348 14966
19772 8087
233 5859
3773 8299
4488 8862
6348 4639
2339 9833
10738 17267
3383 12034
5805 8755
8442 5447
6928 19091
17440 8044
6104 10485
2218 7049
13273 18967
10373 15582
15454 10092
14677 9364
7800 10248
3873 19095
7853 10542
9482 1379
6460 15228
7791 864
18568 10067
7059 13496
1827 12095
17999 17862
2765 8274
16069 5528
14180 2168
11221 13265
6890 1846
1125 11261
14591 18759
3405 6936
18081 3267
10609 17344
12483 8011
2530 6080
5814 5596
9397 19698
5771 3731
19590 6341
8109 19809
17765 18692
14055 5978
9912 2087
19110 4897
331 3649
9074 9825
12887 9499
16944 1906
11948 1059
18093 13373
10101 11950
13208 10718
2489 2992
17936 10628
7639 2795
18007 3478
1337 10489
8048 13239
5463 16515
18647 2805
10511 12423
1295 16425
7001 9826
15307 10482
15754 16566
7543 11384
11543 5191
4412 13688
10139 887
14691 16537
11607 8792
19690 5572
2871 6844
16484 15762
18641 17984
17997 13168
12855 18414
2670 8108
455 4318
19910 7010
10075 1444
2305 238
1561 7029
13018 12115
18047 14738
781 6788
11810 9277
10211 17022
19945 19799
1137 16536
3406 2634
16620 2347
18610 10207
6795 7983
12294 16017
5817 19388
10953 1153
12284 4562
16821 19311
19459 16131
17706 12615
9617 12202
18117 18636
19292 1865
4752 17312
2567 13759
8969 10549
3998 7780
1014 7969
5064 3536
1564 6510
5448 3950
3748 19138
11355 1275
15838 15020
607 19140
18757 11436
17504 11058
2533 11865
17798 16249
2135 16901
4177 1591
5303 108
2278 17999
1101 10656
17029 13827
4916 9082
2808 13117
1152 3738
7067 19381
7323 2095
3247 17857
8343 5556
13994 686
1814 18109
153 16847
13664 4389
1430 18177
19295 16512
12046 2358
16253 16582
6589 17040
9615 3085
13545 16558
14955 13102
12030 9580
3487 867
17567 17811
15834 9862
14584 9711
669 3863
18158 5103
9744 11058
3570 7038
18742 18648
9468 14315
18880 18425
8587 5663
226 4213
9617 12299
5809 3902
8210 17124
10443 1267
16388 10220
13895 258
1343 8116
11364 642
12821 2503
13211 14194
13601 4628
9458 19589
13698 6716
4319 7602
15896 8101
2297 4376
17022 7938
7995 8775
10951 17936
12230 2998
16937 19781
19651 2901
2676 5297
14687 8319
19925 7864
11888 1727
7003 14614
8878 9959
3649 14449
14194 1434
5927 16051
587 9850
13180 3201
17437 7576
15562 7293
19050 4733
12647 13998
5244 6803
17108 3002
17601 15939
18442 6724
17870 3452
7534 7742
17079 2614
19465 7747
2592 16013
7101 13237
10399 15727
10513 8570
17075 6730
19935 2111
7665 19172
8113 17519
3123 16392
5377 6584
974 3237
8713 2676
1480 19009
6531 11969
18409 16169
13109 16350
8673 12051
6578 15154
11760 14741
4413 5380
6292 6660
14694 6063
3001 19288
5271 18514
14478 17142
5539 10722
18780 4286
14380 7586
8226 18047
15461 8396
11441 6836
19421 6252
12785 8886
17699 9053
5019 1832
13969 5423
9466 14867
1585 937
18887 16404
16863 10283
9416 9488
12170 8369
4854 1496
6197 12982
11109 5329
6787 13898
11746 13054
14262 13711
4782 9421
16375 12521
13612 3858
13789 19852
2132 12508
5834 12425
1208 15468
10576 6809
4476 13580
12937 4040
6989 181
443 17942
10199 12733
1667 1516
13337 13681
16722 5250
6926 18643
11956 18306
6769 2892
3975 16027
17862 19925
9681 10783
9407 3788
15638 15717
5212 9851
18149 6038
458 11766
4217 17891
10355 18712
8903 5742
15859 5161
9394 7715
8617 19375
12259 516
5787 9625
2713 15436
18177 4577
11373 17998
18858 13243
3404 16483
7308 15536
4318 9636
3363 12901
9517 202
14201 3817
3445 2419
16076 4053
14309 7273
3075 5748
8412 260
18560 10302
17547 883
8310 8305
19615 9014
9908 18176
1768 14761
15195 1928
6851 17778
9442 5610
16245 4203
13868 9277
1404 2426
345 14471
14741 4108
19595 2150
16908 16360
18826 14981
12894 13824
161 11628
13255 15207
8217 6700
3574 3083
14926 12876
19097 12091
15938 2723
1713 5593
11043 11975
18522 16242
7740 18103
18627 9381
1199 13307
3309 3980
8545 16035
15557 14309
12635 17518
15917 3876
5327 18784
10456 11791
11442 6522
11745 17779
9642 17655
11213 14900
17864 17602
5400 3884
11447 1823
2685 424
7368 7008
10194 12726
7974 13077
2181 14022
408 11340
18602 11437
16232 14575
1842 5066
9683 1855
15935 10888
16682 5540
5080 2012
13883 16248
14950 19836
187 9616
16763 10698
9079 15189
13389 15624
7482 16877
18884 12543
3294 1179
7238 19079
4124 13899
3052 12384
9726 18772
18223 3390
16885 1410
17469 533
14405 9245
5911 19252
17981 2936
4565 18641
17593 19075
13808 14187
16594 16342
5695 8583
15235 9334
9701 5801
16235 543
9313 18481
5820 16744
3075 14783
17025 10344
1517 2311
19195 8262
756 9907
7895 3073
2536 4913
5225 14488
2200 6500
19669 3346
3699 747
3268 17062
6123 12368
19302 9874
5688 12597
14367 15908
210 9464
18196 16255
16057 10367
3146 1367
2 15658
1868 8886
11087 7814
10492 19220
13257 10950
10699 594
1098 8790
10994 8939
19736 4155
14012 10072
7459 431
12906 9605
2004 4052
19663 994
15065 850
910 1604
16437 17227
1358 14695
19814 16160
14774 2885
19291 10032
12146 19280
15373 16924
1548 14283
10842 5610
2284 4097
7843 7669
8611 452
17995 18925
622 17372
7458 18355
10716 10187
6285 17080
6035 1757
6020 7909
11301 178
5511 1977
14293 1534
498 15472
9395 11769
17980 5953
14883 18544
13259 1231
16233 6584
2181 3276
755 18051
10828 19093
7773 9692
10078 218
6191 19799
7362 12265
19516 6066
1828 13221
7116 10287
19195 4333
17823 3372
6436 13594
17186 4003
14748 17120
8852 7621
19509 844
11787 17721
9764 3230
6389 14099
14870 19811
12584 12489
12786 16293
2210 13270
3916 1721
9527 546
863 11377
12000 9009
19209 9355
1710 18383
17762 7756
9545 2067
8024 11678
6536 7179
7602 12919
1873 5993
19768 11079
17259 13765
2913 18477
13381 13540
1020 13686
16366 8972
11763 6606
2072 18167
9192 19494
6260 17509
6887 6507
3006 14969
2941 9584
17010 12800
16936 12078
7266 10729
15514 2042
8464 9385
19951 7989
6289 18559
15195 11719
5238 3239
9135 19546
7465 2002
18716 961
5597 15284
9713 4206
11312 2759
16530 234
2557 1094
6755 3631
3496 10115
12410 19895
13608 17877
5695 16305
33 9106
12596 3877
11511 7470
10837 9279
15488 9727
18566 6545
19195 18716
19024 8562
12456 9646
14299 4937
16873 11790
12677 19845
14326 8108
3954 6459
8415 6074
7727 18575
2062 5019
11812 10554
6168 16582
9148 12141
14154 8636
14746 15225
9490 16810
7892 16672
14299 3482
6700 6241
18936 13778
13170 17186
11216 13309
5789 15924
399 18698
11584 17266
17260 6301
961 16616
12625 13107
6867 556
10464 10090
8847 10994
17635 9885
688 13209
17444 17456
9132 4662
18076 11859
12504 7252
584 17294
4927 597
11401 3252
291 1472
10433 15134
1107 15217
6954 15763
19277 6556
19803 6403
5375 16301
4720 11463
818 4265
625 14583
6883 9276
10573 8843
3202 17255
17837 16844
8235 6289
2723 19852
11006 1967
6246 11814
8712 13537
2158 274
6486 4495
7419 10355
18409 13048
18329 10528
5763 1287
16991 2581
4828 12601
6897 6225
8403 6142
811 11853
4591 6477
11985 18697
15495 13914
9646 3415
7682 15445
11169 13038
3932 2230
15153 3167
15480 7665
18580 679
15809 9126
19798 15240
7771 7823
63 11572
8343 2011
9647 19939
9340 4728
16767 5375
3901 16080
873 14938
10216 8920
4988 19473
6707 11258
6423 14792
18853 12366
19311 18763
95 15926
10732 13579
17398 3238
16303 7051
5397 1658
2773 2796
10304 8378
12101 8765
5700 9222
11729 5330
13750 16244
12602 2299
124 7467
13192 10324
19541 14239
11261 7181
15025 19436
2008 6092
14581 3078
3714 15352
2783 8874
10661 6750
6253 5441
13473 1891
18774 3608
19527 16897
9386 12487
18620 17578
11122 7186
19742 1800
789 10216
16813 12955
18247 11428
9422 8417
16940 17745
11368 9298
11038 17177
8387 10712
14380 15650
8485 7108
19455 17949
14195 6739
98 4009
4922 9853
11203 19969
11415 13783
13066 13671
13650 102
3706 1995
9146 10436
16531 6966
8575 16074
3527 15846
19911 16105
1612 2797
11391 5436
6857 3668
17684 610
14601 1096
10033 7262
8593 19540
18462 11480
1049 8539
4937 4831
11730 10463
1924 18496
9236 7213
16703 19851
68 4668
18596 11059
17449 8047
10902 13905
5079 9654
3195 3093
15511 6248
16343 8791
7669 16808
370 6695
11535 19787
12396 9028
18582 5502
8279 481
18809 19848
3694 17878
2183 9352
9216 147
8541 17725
13876 13475
12061 14227
7579 7695
1725 607
15230 19735
5033 11100
13192 15891
3161 16492
9065 10212
14267 9942
13509 19031
16938 1415
14684 9735
19069 2185
13620 18253
15278 15964
9768 14566
11116 12090
11737 408
5001 8246
14749 9630
3713 16418
13615 4679
12747 9013
1142 6411
10930 12936
4223 14814
8723 2805
8668 14202
16280 18570
9293 4864
11713 2338
12636 15327
2472 19480
822 9396
7578 13850
12186 1495
12766 15828
16349 18154
1720 17219
18725 11759
18789 5915
8917 2054
13392 11987
6163 12670
5334 4286
4558 10315
17314 4878
17458 8324
11651 2687
11817 14197
14202 19510
1128 18261
2159 2335
17224 13151
19844 9374
6279 18052
233 9245
202 6043
13962 8084
752 4020
13633 16107
17858 13845
3672 1474
