9
188
230
260
272
409
590
706
740
786
796
1043
1091
1193
1324
1405
1431
1487
1586
1632
1826
1854
1926
1949
2140
2269
2473
2653
2682
2887
3195
3260
3295
3412
3582
3683
3723
4151
4183
4241
4282
4561
4563
4590
4718
4719
4886
5178
5223
5307
5446
5717
5844
5947
6207
6209
6258
6293
6318
6327
6425
6871
6874
7182
7313
7404
7734
7849
7995
8119
8338
8345
8848
8892
9107
9140
9192
9392
9482
9600
9603
9674
9897
10111
10276
10539
10570
10744
10748
10749
10750
10837
10901
11111
11129
11204
11282
11367
11706
11718
11720
11758
11810
11874
11971
12088
12112
12131
12237
12387
12779
13193
13313
13545
13566
13828
14021
14259
14519
14598
14625
14626
14724
14886
15109
15377
15482
15669
15766
15840
15916
15935
16347
16399
16520
16730
16799
16974
17013
17391
17650
17862
18068
18076
18131
18484
18513
18583
18588
18772
18780
18927
19017
19080
19183
19190
19237
19486
19876
19974
20102
20256
20280
20284
20421
20480
20665
20869
20877
20891
20993
21153
21168
21546
21620
21769
21778
21906
21925
22175
22206
22325
22358
22406
22427
22702
22877
22947
23020
23045
23354
23368
23584
23671
23802
23823
23842
23885
24013
24083
24279
24436
24459
24507
24930
25377
25453
25603
25662
25698
25818
25897
26019
26110
26987
27072
27144
27206
27275
27689
27963
28069
28295
28381
28395
28461
28472
28517
28580
28652
28777
28884
28907
29190
29267
29328
29332
29438
29637
29668
29794
29867
29940
29957
30171
30485
30866
30932
31065
31212
31283
31510
31537
31676
31798
32079
32430
32592
32624
32733
32752
32820
32838
32887
33220
33302
33310
33537
33572
33605
33735
33894
34208
34294
34471
34504
34683
34686
34789
34831
34891
34897
35353
35400
35647
35932
36196
36293
36399
36442
36462
36746
36874
37514
37594
37739
37906
38213
38336
38596
39214
39328
39557
39608
39649
40005
40052
40224
40464
40632
40643
40761
40945
41104
41376
41395
41534
41537
41539
41730
41923
42105
42169
42344
42546
42859
42935
42957
43022
43050
43092
43301
43398
43493
43739
43835
44118
44302
44708
44776
44978
45138
45207
45523
45524
45575
45744
45929
46208
46222
46271
46444
46493
46889
46937
46971
47008
47141
47219
47431
47596
47601
47683
47787
48151
48268
48317
48912
49130
49133
49221
49393
49644
49695
50051
50107
50275
50449
50526
50527
50615
50653
50871
50965
51018
51093
51144
51289
51406
51553
51577
51712
51913
51970
52103
52492
52676
52850
52935
53158
53685
54020
54203
54210
54283
54284
54354
54839
54984
55317
55369
55408
56300
56558
56655
56773
56951
57055
57063
57167
57295
57324
57365
57516
57637
57827
57938
58045
58059
58073
58921
59156
59197
59262
59342
59422
59509
59808
60017
60054
60084
60193
60216
60591
61314
61832
61863
62211
62306
62410
62443
62754
62901
63130
63231
63372
63478
63479
63653
63772
63836
63917
63938
64121
64333
64356
64429
64522
64891
64932
64988
65457
65854
65907
65911
65937
66002
66351
66639
66794
66859
67004
67258
67318
67324
67331
67435
67444
67447
67507
68222
68286
68329
68412
68474
68537
68583
68776
68790
69059
69284
69484
69697
69994
70173
70450
70685
70960
71098
71244
71522
71861
71911
72122
72210
72411
72462
72653
72682
72716
72794
72802
72926
72932
73078
73143
73359
73382
73416
73444
73536
73577
74039
74052
74087
74177
74178
74184
74422
74434
74471
74497
74650
74677
74716
74763
74801
74896
74926
74957
75296
75337
75533
75536
75846
75911
75923
76101
76240
76254
76297
76352
76665
76758
76876
76985
77214
77344
77376
77682
77701
77726
77935
78078
78238
78287
78346
78387
78686
78729
78897
79017
79077
79386
79465
79518
79721
80000
