200000 100
33580 2220
187190 101231
124211 901
62337 163498
48353 70324
146544 167878
128509 78561
147694 929
156342 124670
86151 22357
41360 131036
39414 71954
144954 194987
128909 119992
63194 109728
176857 46944
181576 31162
37407 151254
87155 25913
167838 112420
19803 176812
196068 75543
83740 12103
128805 196056
57376 70988
152663 15189
13534 9663
57800 74310
62242 63652
1922 25247
23147 174979
172178 117265
38116 118201
60834 58343
83326 172812
54366 117205
124813 173776
188919 41812
58677 53477
148567 186886
36164 29664
17554 73867
185299 77022
66192 152191
82321 4063
195581 128652
59855 165777
137391 174071
13034 92012
161963 160986
43023 85678
70794 37910
18111 94794
107496 124068
139931 139477
74914 109695
25755 30508
66607 127181
195961 30894
67252 33384
49889 14657
62478 126257
122496 26650
79374 6948
41866 161263
139454 104202
159224 120907
54360 189748
59796 174714
142520 182226
86122 98801
52054 181733
158656 119665
157963 154453
36724 192241
142777 74938
177238 175385
161095 44981
196412 70398
36891 116238
45381 135529
19482 22403
23231 105423
169613 60251
141902 99155
145042 128978
187837 110126
75188 13857
80876 92197
136755 96495
172777 195108
12242 199542
68767 80647
176960 77341
10209 90052
158415 20157
10583 56896
6629 166613
30447 816
99769 29084
