200000 1000
22577 24722
136562 100375
163746 128595
136158 79456
162021 95440
117504 3348
57656 120720
143486 111144
196495 15228
180026 144584
9873 146841
117342 89918
47514 91664
179515 88930
126319 16976
147441 148513
10105 199058
64478 74635
88630 89593
9434 140166
90200 97490
125267 125895
194608 150240
7185 172939
191504 5021
143018 15609
112345 34665
48476 34447
94924 153771
44823 162197
24031 117761
139433 65959
115558 186035
190255 65526
189435 188065
48470 121620
70430 75715
157506 178696
101443 52906
72464 115668
929 18574
155434 155276
104662 77360
4932 73389
1680 159547
107460 44761
125079 146991
114107 54580
173649 38832
76962 25841
115018 68324
106978 18333
118363 169236
46573 22360
5790 99733
111903 161147
150562 82939
96936 49471
179207 47790
164316 16557
87078 106550
62838 128700
158298 181678
22948 137854
128875 64941
153762 156935
186936 81790
39762 174856
157810 165955
17256 25729
64437 6755
162797 116540
7221 45066
169328 13455
188880 87758
73884 46765
50284 144727
196698 126393
97043 63160
355 64433
42040 68029
183895 126673
95183 13907
22817 59376
51630 51826
60755 98148
180584 131050
146026 16641
110482 158096
56275 153250
148578 31190
130533 29691
191204 125460
45943 8903
136021 96595
87212 15746
25119 173638
133739 28900
115206 124712
105395 105382
90856 113131
172745 172841
124074 94831
167004 82287
105652 37401
49205 180554
116619 101909
131789 118847
40115 163380
164791 147794
146512 9292
6003 142856
166608 145067
181553 105747
173293 61581
165560 38517
157754 2493
146791 17956
51567 65236
162415 42589
92048 157621
153186 16282
23049 142886
174897 134404
165443 197112
154226 2870
129855 144584
164968 113895
108865 126938
182041 163205
163622 105461
59805 19659
5490 160989
103972 91372
146194 182291
171940 129465
38872 118336
143030 63456
84716 103726
34872 6633
172717 170337
192585 120384
39758 49375
163876 146696
69652 42645
114966 49649
91118 145330
186571 99798
34394 176162
52301 68518
196284 123746
141690 186910
115664 145333
171526 41841
168278 181322
176564 31344
89433 27722
65269 185300
142114 133651
64922 155064
54656 90733
51554 10635
155696 192961
50075 121672
112260 99276
63609 135086
129860 182755
90203 4598
81353 72594
149282 111352
118785 35599
146671 118991
187875 96549
194477 36513
86263 18110
83310 69119
30312 158231
110025 106133
177986 11550
1802 75827
68105 111881
149657 128684
171653 153945
107465 63600
106561 145971
2742 172213
7689 107108
168274 177234
34856 175590
34680 169931
3596 95849
197841 92527
62427 67744
83651 186723
16205 5818
60397 192047
138099 183396
88439 165890
140819 67611
149320 30952
78331 47582
42491 179305
127875 182372
110964 102774
150075 89632
109836 116116
122132 153913
53226 88836
27020 66363
136694 15286
173209 65970
30786 21397
32282 7804
3463 20217
193399 120852
4533 6847
22986 138772
67999 58434
7153 123133
74490 129037
90723 199377
163075 25156
100816 129315
179976 84111
71772 123384
26151 69492
81973 82781
131825 150429
159312 19012
157412 2341
118438 57240
137775 175518
22305 109710
77559 47383
197076 89643
177320 166292
124190 59435
138182 167367
101801 104732
45285 192598
123199 101219
72328 71856
167487 191616
3779 135866
88199 91683
111625 9953
196075 27118
36257 129882
170491 126735
164334 64441
175242 198858
67168 86732
87513 9204
85911 195200
81163 171374
36784 152270
86917 87336
98288 171793
174351 164472
59908 185958
16017 150407
105393 105879
93472 180583
2694 199611
77393 5368
152310 22600
26687 69883
196005 174967
69057 83924
60967 19499
94244 183756
159540 186393
103812 132659
183816 160076
76211 7664
9936 47811
40713 65635
90752 138471
18498 86169
47580 59820
191318 169632
82561 187508
25233 77807
118784 62080
101862 46445
115473 173886
27315 101339
44060 65608
55435 61978
123778 94021
101867 107827
14860 184197
35015 88637
16639 91815
103118 126981
99954 49090
156244 13122
43047 94081
94866 19675
101855 120223
69053 120374
132881 104981
77286 123778
186486 3623
30436 20491
165002 44905
184443 52904
71600 110097
166381 26826
172195 118715
154347 123110
172093 123995
465 188210
29218 77478
72984 112893
110573 65025
42602 143623
96218 109693
82518 149246
14219 27299
15917 51134
72057 137582
62377 142884
108057 170581
37426 198239
3879 14187
49807 106629
103955 75659
179849 158145
97406 104763
71530 58494
118689 195766
52190 77120
58555 162798
99540 11672
55955 72305
28910 126788
138357 185277
102790 174581
48684 158136
117985 30194
8412 127810
114214 105977
54161 184035
80105 118860
133338 135249
190727 67483
48450 128419
4342 177185
108217 156145
109049 88758
28123 128242
141340 183653
85761 103810
19020 83247
151821 170999
125802 14986
2139 184280
63231 50169
4994 142100
178945 166479
122734 136089
80688 130966
196196 191545
153660 189723
116242 196719
123137 174848
91228 106508
27797 186862
66278 133095
146040 113778
146951 199905
149634 160511
171886 52100
168718 15186
120250 107427
135713 29521
195301 96997
155126 78450
40734 42489
46638 68738
160514 25947
57514 114076
2691 61711
106033 105948
67282 192814
154324 186881
142478 155352
167468 50067
21825 165034
140149 24069
17522 166226
174217 144530
169491 164894
187504 70840
122131 137918
114024 191502
33911 152815
40734 22229
37540 150664
53553 1056
34486 151066
97135 14431
88106 126386
188466 26919
185523 180409
178479 16583
119909 177147
89766 122769
14177 3966
69918 27629
48796 188114
43259 119886
160331 133349
20434 163928
129000 142443
176658 36142
172577 142606
127365 111256
7670 124750
196998 38722
104260 108984
116570 168743
17858 56398
95914 43363
87616 110371
135715 40750
74296 18354
91513 166186
28626 131126
117917 62162
23277 116237
82311 48097
125938 159448
129709 92303
2795 183631
182772 125246
46698 79026
178712 73881
136112 166857
5971 34457
189688 197389
105516 177163
137466 39338
24853 131302
190852 88793
163651 580
180378 108740
23461 95198
176392 2286
25215 87849
118722 6088
84290 188770
75129 130758
160018 88964
76644 89787
39286 185870
179762 180381
86355 184121
61843 67150
78529 130599
47637 172626
78110 16696
170188 176194
95025 87081
175060 43967
147700 56863
120603 198809
8276 156171
169359 179937
141767 30000
66670 162094
68016 161107
135123 57345
40398 68567
134538 171149
104201 58887
59757 130661
97396 35155
180126 169620
191870 33225
177127 192689
103822 18712
35075 98984
147040 128549
74407 142108
74395 17823
138423 83533
147318 28000
32048 131751
140284 142693
13405 111100
91454 83290
89118 120591
193665 52313
51026 64517
187786 31718
106014 37501
42997 186377
119125 182175
57100 7761
19600 19066
79780 57528
99923 2058
137679 51685
112401 50705
109659 169270
92282 161039
33632 5051
24977 8331
174547 109980
183725 69293
80524 50715
94109 196499
479 155065
192920 142177
169916 58383
76243 188919
5630 63922
16753 141838
169251 58331
32842 150953
71846 177658
129619 47091
146099 6461
73937 100330
46289 73149
165142 146746
75839 84687
55378 60145
24431 62877
14224 34831
51702 99595
113581 63090
120136 68379
195717 170615
164331 45196
61492 30286
37899 143174
179803 103767
33923 113026
34860 147988
1824 107925
8216 62066
41155 76790
23176 166646
46844 72535
152798 130786
125381 192141
118311 142962
62040 194681
55514 114661
125037 14407
94292 198024
92553 137170
47985 62907
45976 141919
40871 42415
29532 67333
81827 173267
157212 140522
143399 189598
189736 180638
194121 188683
70212 152121
40083 49859
133888 96079
131282 131070
189461 62500
48852 150285
187565 36430
23599 169891
98359 137367
196137 153751
162373 134165
88083 92700
126571 36569
84334 88855
102087 97814
73605 192008
147320 43508
20605 15087
75238 25895
168334 132176
73220 140947
115548 43581
126905 160470
85603 125098
65024 13901
78208 141671
86960 48704
46294 148968
81502 49485
150358 195901
25447 120378
128882 21342
173510 176847
162437 179741
75862 7070
173686 13140
365 102317
18211 97622
90973 55607
9638 33034
99297 102094
85056 25403
97409 139780
175625 108810
145421 74023
151173 95456
196908 78766
54242 199909
109856 17181
168440 90698
83521 81207
160765 186323
34702 94471
125970 99748
78292 183243
116318 61046
111533 177745
92885 111588
147249 77273
54049 182076
141566 131134
40948 192420
125182 88091
52009 67008
119170 55238
49096 139719
60182 111885
135403 188933
113904 5758
43861 155543
105640 106869
16325 123085
108681 45367
174813 117494
94021 181725
59432 77320
90466 189356
59687 150545
46502 83611
123662 98743
60270 89961
69745 195784
114462 65018
130308 106586
78918 87787
156181 151842
154389 84616
49457 194658
22485 163668
135117 15303
93155 24558
95567 54596
6498 140824
161670 11322
31700 162990
79367 71125
150766 189685
179422 93557
59921 125552
7698 150735
62627 95681
56241 64161
166082 191584
10112 187856
133061 186529
135360 44367
17044 147890
101740 132119
180700 89100
11527 48552
133037 124542
56392 134467
175222 72738
41925 59013
45827 125846
99570 107458
117034 120044
138345 60023
97739 127584
119720 180648
148915 167011
136465 37693
32215 134107
29371 21533
4840 87429
43143 95302
179307 74157
8836 6042
172198 68778
136768 185658
102108 16299
140323 116225
105652 4032
18653 5868
48597 118122
70649 154657
163587 14758
119254 182453
117636 167680
5900 10485
82987 194871
77598 41423
98661 183664
152574 10492
138719 152720
39613 149077
138369 138791
21794 173572
174961 171938
129575 131774
157198 192762
113743 76200
178595 25043
40373 65424
56307 102797
4927 172446
172153 101815
188586 67548
191772 19154
42790 152306
48383 90184
130581 155221
92108 82075
143091 1936
115851 182978
55547 187237
156981 87747
197705 169802
80395 88676
84853 177155
35083 160358
82514 184266
29378 36423
33153 53429
7278 187793
27337 75867
165430 46551
133073 155676
193970 94978
146721 140283
92134 21138
97049 95404
98815 181356
77773 92081
70482 149597
71554 2403
17377 86985
194821 152512
108331 34965
24945 11355
135981 79701
55476 15739
74799 33041
171017 33637
101305 160836
26717 182601
170335 73529
59191 17943
2582 5102
81667 90600
55603 187106
19649 75155
42217 95972
78612 116616
190812 55533
156016 1093
125366 20225
89546 78546
122121 118214
113566 162841
27004 97234
99971 51234
183850 122942
117919 31368
167347 39494
173610 186730
123926 151323
187581 148863
140786 29115
96226 184970
196579 79592
83224 51982
93458 175270
25849 4545
6717 22505
166079 158004
72161 39389
161849 77993
26772 1744
140011 69194
121504 54112
91823 38872
32199 180195
59119 48669
33655 118516
125837 131228
120477 179525
44718 66515
66767 20929
104111 66126
155476 59254
21109 51214
9434 55160
165718 63178
107899 42996
167682 175900
144247 53291
95154 25772
180683 121075
10916 197708
115539 142284
128080 5434
162955 77394
161496 168149
99124 117483
28798 4325
97653 107796
117626 136118
104183 71651
107014 2152
162322 1113
13555 196048
91993 187462
55060 80925
100144 25689
7388 123585
66803 31619
27027 135735
134186 72477
45636 52321
41833 164231
133552 32753
148000 101297
183814 116457
47565 144433
186735 163156
178969 112088
81131 135945
166026 97554
160762 163071
81900 180754
196704 157829
188820 61510
100548 86201
3782 16049
6929 29967
24265 194086
69950 68743
75686 180878
38010 122946
160229 57607
18501 25712
34015 48777
143559 42918
165989 170887
38020 125287
25761 84050
26072 92334
164625 112411
1565 65914
69136 72482
109755 145040
185266 7894
46621 39496
35573 132636
150495 128517
21607 66680
35853 185477
129218 61508
112852 110653
160671 87460
104210 189619
188291 109939
188226 152834
27358 110052
198680 24864
40487 11191
114801 142546
20584 123406
186206 48385
26676 55884
125372 31883
115987 66352
56316 2154
130915 145172
69513 3708
195015 76068
116784 11161
124553 135025
52240 28110
53249 73770
9023 168611
34144 125347
177678 100930
105376 193079
177345 136991
83708 43941
50544 139718
38654 13185
35611 115337
114231 150864
176695 38687
18116 152335
66071 151751
149529 4719
95721 65899
138798 45519
126912 19031
117753 197748
108070 140534
193542 65463
153198 169602
135148 90024
87309 15958
138965 169076
121930 143251
70235 44018
40955 43481
20013 107642
86759 197682
58263 190408
1415 130997
108109 36402
135915 130011
47879 184299
156416 168840
197716 108790
132633 43901
34903 72383
33805 135658
56639 15631
164598 91520
63191 83221
141992 81970
26230 59807
138890 11452
168411 148534
155506 81047
197661 184860
97037 132616
96452 149064
110508 65741
59688 135882
18521 39330
130867 195502
16619 174420
155277 189609
38846 154553
78588 19884
52449 23774
64497 91439
108039 46
56661 181434
174796 92955
176577 66188
158368 75662
182823 19192
190828 127411
140726 1085
126348 137330
143157 131066
175802 119475
192136 80210
108760 6871
154955 119311
113048 14178
131587 156685
44593 177568
50810 48416
14140 127497
130676 53559
79703 70779
35758 41599
143021 147357
27656 167846
198813 24900
128856 84523
1185 101812
60883 172840
69421 151404
140486 167346
111873 111894
188704 163039
74143 173138
146017 29210
96102 7969
28868 54318
33157 27918
99370 38222
166699 182708
106591 130114
44799 108724
67217 40301
188624 147635
154063 132446
46243 100399
