200 100
144 49
20 25
198 139
144 57
19 55
195 181
78 144
86 80
65 161
152 56
39 11
42 131
157 69
37 158
104 140
168 105
63 120
144 180
153 169
127 48
28 66
140 81
196 126
81 23
34 48
41 27
160 26
172 26
119 180
124 134
176 6
50 108
156 7
88 36
92 15
7 37
152 151
189 80
27 125
165 158
178 195
30 86
30 43
57 187
51 131
180 146
84 47
165 132
76 148
30 15
39 175
141 56
199 108
141 71
166 140
84 155
82 119
127 136
21 182
191 122
12 120
58 159
13 52
25 127
126 200
1 164
98 183
36 53
77 9
110 130
77 50
189 197
7 119
56 156
121 12
194 170
18 59
40 31
82 167
105 63
60 146
110 37
189 85
101 160
31 25
29 57
130 68
56 137
102 59
169 24
87 164
86 2
26 65
162 41
62 142
32 109
134 181
25 141
147 96
91 41
