200 1000
118 187
48 112
79 56
131 118
155 21
12 199
15 93
2 84
21 140
70 181
165 192
19 119
106 128
173 84
17 46
131 187
65 84
107 141
61 38
147 39
69 191
129 173
108 7
98 148
196 26
17 146
173 81
123 132
196 131
36 159
14 162
165 34
101 131
175 118
111 85
57 81
148 195
88 126
65 17
3 40
77 17
75 97
183 192
197 182
19 148
20 14
9 39
60 165
66 48
145 115
179 134
35 141
188 17
135 123
195 173
198 95
81 2
3 95
94 176
21 112
36 184
78 67
104 38
67 186
101 162
108 94
97 130
124 178
75 42
25 116
128 22
171 136
77 185
25 152
161 27
21 189
140 51
169 41
25 58
139 151
2 12
20 47
71 93
182 96
79 145
30 27
37 68
171 68
93 193
186 192
47 45
137 99
93 138
176 130
115 165
23 163
122 177
74 64
158 24
85 142
134 132
112 8
42 74
150 187
73 136
78 108
92 78
27 31
49 14
150 126
167 52
100 136
101 6
5 130
20 191
50 103
137 40
123 138
97 5
119 154
2 104
47 36
115 170
67 187
135 105
194 144
34 44
75 194
35 129
36 174
98 161
32 17
181 41
155 42
98 54
96 42
130 88
159 32
171 134
92 69
136 152
16 127
198 166
16 200
162 66
170 50
64 134
59 106
106 46
126 144
123 126
86 102
55 140
95 192
104 111
136 196
59 64
92 133
81 83
128 186
28 43
156 16
8 33
63 78
127 122
66 140
157 184
37 33
75 31
54 116
155 186
58 123
159 41
176 73
157 41
109 4
165 185
8 115
92 20
28 110
165 32
15 137
27 136
46 73
40 112
64 157
139 37
129 127
177 37
120 115
157 125
178 34
101 29
132 113
53 20
78 44
2 45
102 50
49 95
98 89
33 32
66 14
153 54
58 65
68 167
86 194
70 8
10 55
101 198
47 16
153 88
115 196
47 102
43 54
162 74
82 7
193 8
157 34
69 192
95 62
114 111
195 46
138 168
27 129
61 136
68 69
50 85
123 12
147 101
34 58
127 155
28 148
84 197
142 148
53 140
124 177
148 187
160 186
18 3
118 176
183 54
151 180
94 28
137 75
125 66
79 167
134 13
160 164
164 117
67 53
52 23
158 135
67 165
131 56
24 30
111 173
95 39
29 142
186 32
106 45
107 169
81 190
162 180
124 40
5 110
195 178
101 63
173 18
57 97
96 132
158 179
37 97
15 133
27 188
64 129
50 128
74 133
81 70
177 41
88 7
5 171
2 63
85 65
107 92
83 56
45 114
34 140
152 196
111 69
67 132
147 149
185 74
97 79
157 189
7 58
22 118
140 76
159 143
94 167
91 48
71 144
106 20
100 34
196 31
168 58
75 48
184 125
85 96
173 174
20 63
166 42
197 52
57 76
162 10
30 39
95 91
34 86
35 92
152 12
131 122
25 86
185 105
31 161
55 164
147 63
135 96
152 183
190 44
116 63
148 157
135 126
141 103
100 195
26 187
53 76
33 158
57 137
117 88
177 73
107 167
169 45
100 41
194 41
6 102
158 103
117 43
123 19
98 138
121 8
192 41
177 172
125 144
49 143
100 29
115 31
166 7
5 167
34 75
50 113
29 33
21 132
92 1
114 18
173 73
27 13
18 171
58 175
65 117
42 170
4 196
11 3
148 11
185 32
191 173
42 180
117 75
169 37
112 83
94 71
97 176
74 9
5 149
50 173
26 86
52 185
62 149
181 185
7 109
197 78
30 150
91 104
16 123
200 189
128 138
184 87
118 156
81 127
182 87
140 99
66 7
21 20
56 136
151 118
70 1
76 108
189 108
188 67
131 123
33 168
93 198
15 104
59 139
4 195
183 12
67 167
161 62
95 33
69 62
52 138
149 154
126 34
85 123
140 38
1 4
125 43
177 85
199 170
60 192
5 118
74 131
153 28
177 47
86 99
32 53
95 199
64 93
142 150
123 83
167 18
89 167
52 93
94 156
59 170
191 152
40 178
60 54
59 37
149 19
36 33
132 30
154 47
13 33
189 82
137 84
80 132
81 10
62 52
2 107
181 189
122 17
39 145
120 1
132 66
195 36
72 169
46 74
164 122
64 19
169 195
77 155
95 31
111 102
151 97
73 114
104 196
94 135
27 195
77 108
176 138
36 40
51 80
25 197
48 162
15 193
110 35
23 14
42 161
141 127
122 147
8 154
168 35
74 171
116 86
115 112
45 138
52 31
181 68
91 76
74 12
98 1
122 2
123 11
120 119
12 90
25 130
51 161
183 71
152 178
125 136
49 103
197 82
176 8
127 111
129 15
144 97
186 72
67 19
8 187
132 161
143 88
44 59
72 140
83 122
65 115
185 124
83 96
151 6
67 101
175 140
149 121
156 68
42 113
103 3
190 9
22 174
37 78
31 79
155 31
188 103
47 37
145 110
160 194
110 61
13 109
118 180
166 189
22 68
75 72
81 125
42 147
156 54
35 158
109 123
31 76
89 178
126 74
154 171
9 85
22 85
133 62
181 91
37 155
141 37
154 127
123 161
177 182
2 162
60 177
179 19
153 4
124 55
28 42
8 108
193 154
129 51
20 137
53 165
123 68
107 18
167 41
104 159
177 192
95 89
113 25
137 90
168 89
174 177
3 89
189 179
134 139
178 120
184 27
144 168
100 46
82 176
24 152
45 179
113 166
21 53
197 117
194 83
177 27
73 110
13 170
107 73
168 106
163 158
110 70
93 150
138 135
13 199
98 195
68 152
142 41
165 200
29 187
181 195
46 178
111 169
28 80
55 8
50 197
60 156
70 128
158 22
51 120
105 139
97 38
48 186
11 14
162 178
5 92
111 165
123 156
192 34
177 69
39 124
145 192
9 99
146 155
65 8
117 104
134 190
54 19
152 142
52 7
7 112
111 105
175 100
18 104
159 65
151 120
103 183
31 170
28 56
138 159
8 46
139 73
176 10
71 122
44 98
69 134
90 61
115 164
110 56
50 71
135 115
46 1
35 60
124 91
134 12
108 118
121 177
142 157
51 103
192 178
199 147
12 30
132 88
39 22
55 152
70 193
157 112
144 113
133 68
75 30
79 153
150 81
18 132
95 52
187 113
39 74
65 167
120 163
196 176
56 21
170 124
99 29
25 90
82 73
96 53
86 56
148 149
196 157
149 188
153 95
17 161
193 146
37 56
10 27
16 186
136 60
176 83
50 43
124 165
93 199
198 167
96 154
55 95
2 31
43 149
80 189
154 194
187 144
197 57
88 106
158 157
109 62
88 150
11 121
50 148
119 146
20 173
76 103
126 14
24 117
101 121
165 116
19 116
121 52
194 130
7 171
146 117
61 186
92 184
140 154
31 93
151 159
157 40
24 17
42 133
2 129
166 195
132 53
28 111
50 40
194 47
118 65
179 116
67 123
22 190
134 154
11 126
93 148
200 181
193 100
78 104
128 11
55 53
174 79
53 37
75 120
84 73
123 66
68 47
148 155
188 37
11 42
104 140
135 155
138 198
31 90
121 39
163 169
67 16
41 176
146 6
191 122
192 36
155 168
82 30
121 9
165 40
189 59
9 97
9 29
141 3
152 144
116 193
149 35
90 136
134 89
197 53
21 43
85 71
169 89
134 74
81 102
98 82
107 124
36 21
131 21
69 174
40 51
136 168
85 139
198 111
181 45
101 168
10 30
55 109
63 9
144 190
189 52
77 175
80 162
6 117
22 192
50 167
69 89
22 72
165 113
44 93
7 107
37 151
3 27
131 110
72 79
58 193
82 32
147 24
40 171
68 113
119 151
138 121
87 55
20 5
140 119
42 146
165 194
13 171
42 159
23 147
180 55
198 58
194 137
66 45
178 125
121 27
11 20
32 127
55 192
73 152
192 124
64 147
162 17
153 193
165 36
49 179
100 36
81 199
119 118
125 31
191 49
84 93
27 170
54 146
74 151
93 153
53 135
128 189
34 49
157 155
82 85
28 76
77 109
175 195
4 79
17 55
93 76
115 37
191 108
58 165
23 15
40 71
134 22
148 132
62 167
132 199
193 131
134 40
86 148
162 40
21 92
45 83
19 82
99 190
77 187
83 88
30 138
92 157
164 54
116 115
52 196
5 66
56 182
93 79
104 89
71 99
194 92
64 15
152 177
180 31
153 32
29 32
53 141
71 5
143 40
192 106
15 68
91 63
115 42
73 199
83 168
18 33
197 126
200 99
54 66
138 196
82 76
123 53
27 140
185 152
8 28
89 76
175 28
57 123
82 28
29 172
38 30
21 184
182 67
62 154
95 72
5 133
43 94
49 135
127 132
83 148
174 114
168 85
27 51
1 36
102 158
178 189
37 79
2 35
157 109
30 185
29 176
36 93
51 95
23 190
94 154
127 200
104 71
32 174
141 51
69 13
52 125
91 200
141 114
61 45
184 182
62 50
4 97
118 179
87 30
65 37
187 185
74 104
152 153
25 141
108 159
153 148
59 104
165 156
123 124
65 129
25 183
