200 10000
157 102
147 176
114 5
167 13
100 112
191 155
104 115
157 23
124 110
147 33
135 199
5 195
133 30
181 178
52 98
15 30
56 101
19 91
76 88
42 88
170 21
136 157
119 90
123 31
15 143
184 137
113 37
189 136
136 108
65 154
193 77
32 77
160 114
14 77
71 100
75 97
166 184
99 103
142 177
131 160
151 189
155 38
175 43
51 121
17 57
41 179
178 76
141 88
108 141
74 13
37 135
40 117
3 11
26 168
84 102
35 43
107 79
188 132
46 30
174 83
140 103
197 75
16 29
73 92
59 145
97 70
117 139
106 156
16 172
187 53
150 187
102 160
72 147
126 42
183 161
45 64
153 173
182 123
78 56
25 172
11 65
30 191
68 118
54 33
129 158
148 174
195 141
158 3
181 162
185 167
77 81
152 88
101 91
180 4
63 19
80 155
33 68
161 15
181 68
57 78
114 41
62 31
199 74
33 53
137 164
147 61
119 137
66 55
194 96
18 178
38 177
76 124
80 135
136 185
66 166
135 154
86 173
146 14
4 112
132 77
65 102
156 91
14 41
71 72
199 23
146 161
165 131
95 70
8 194
65 23
142 141
112 22
131 156
4 150
151 193
64 169
118 28
155 2
13 160
51 85
179 136
108 98
94 21
23 11
192 13
141 124
70 34
40 81
64 119
192 188
121 10
84 122
127 36
2 181
168 181
188 168
26 63
83 66
46 58
89 12
16 121
36 116
55 184
93 101
22 35
153 176
183 20
70 185
59 42
173 94
102 76
106 3
92 82
96 21
116 88
45 164
139 35
196 16
200 83
163 169
1 6
115 96
172 41
11 109
68 106
72 109
96 143
128 143
134 117
176 187
91 8
54 188
111 69
148 49
77 117
81 114
101 127
109 183
91 185
149 166
43 58
63 55
29 99
157 46
161 43
39 14
5 138
52 171
15 33
143 28
147 89
149 193
9 88
119 109
89 170
180 23
56 29
132 146
95 138
38 44
4 84
42 163
62 166
28 114
156 151
145 170
165 167
165 38
193 166
47 71
198 177
71 189
84 184
47 52
111 136
88 59
131 9
23 47
50 75
178 20
141 96
144 140
74 69
40 77
144 27
178 179
150 1
79 101
185 184
173 160
177 165
50 173
36 104
2 8
79 10
157 199
103 176
31 151
55 13
59 54
178 31
153 61
120 72
83 188
102 104
72 171
125 179
182 176
186 191
149 41
44 177
48 180
200 79
54 126
129 85
186 46
149 154
172 13
107 149
105 54
148 102
6 140
176 167
30 6
87 83
91 20
111 89
77 25
88 188
191 17
90 164
198 65
100 93
63 43
104 24
157 50
161 55
53 65
39 50
80 33
104 167
160 137
39 89
143 112
56 74
184 127
147 117
62 96
9 116
137 143
15 170
166 2
132 118
136 113
85 178
180 154
146 86
180 62
194 130
165 91
189 69
155 93
28 197
122 24
17 92
114 80
75 162
94 66
104 97
164 148
3 46
131 101
121 81
84 67
50 111
141 132
83 77
93 139
16 50
70 133
73 167
36 61
2 125
83 122
46 114
177 193
16 65
36 140
12 149
106 200
55 17
183 92
21 161
187 153
25 38
82 81
120 100
68 140
106 91
182 156
7 35
148 139
44 36
10 148
11 181
158 36
34 14
162 59
83 58
148 122
77 172
152 125
81 41
67 106
162 170
111 125
171 56
191 53
138 131
161 98
90 184
53 52
181 111
110 191
20 163
114 2
167 12
43 2
9 182
191 154
80 137
143 39
110 46
147 32
170 131
9 7
86 23
52 99
170 18
62 28
137 171
14 163
52 18
109 31
113 36
136 109
160 115
14 82
199 50
75 96
38 116
98 195
65 10
175 69
61 62
27 114
84 129
47 127
175 42
108 127
145 3
37 53
61 175
141 87
108 142
192 81
120 127
127 3
3 155
22 149
188 133
46 31
109 200
12 91
197 81
144 99
103 107
55 196
153 68
45 46
83 135
177 126
159 58
126 43
92 79
55 117
96 10
187 165
116 69
82 53
196 61
182 120
129 108
21 54
25 179
44 121
135 82
30 188
34 163
128 164
129 157
81 132
138 69
181 161
185 166
10 27
67 70
161 157
91 92
24 147
33 91
161 14
53 8
171 181
100 21
53 185
184 72
133 113
137 118
123 77
19 118
38 182
160 32
199 129
146 15
166 74
4 113
46 60
156 84
109 148
47 162
51 39
105 15
4 151
98 86
75 166
155 5
122 80
88 32
112 102
60 158
155 178
13 48
107 157
127 86
188 58
26 141
20 96
84 123
50 55
107 42
70 178
150 122
83 69
46 59
16 122
36 117
55 187
153 183
154 152
35 183
36 196
183 23
130 129
45 18
83 163
49 87
82 25
135 33
48 137
159 175
72 31
92 194
58 94
21 74
78 21
44 93
101 156
30 152
125 6
200 163
176 188
161 200
111 68
148 50
6 48
134 5
90 193
91 184
185 51
39 184
43 61
29 199
124 32
90 112
57 105
39 9
171 145
190 143
143 31
19 37
76 18
5 26
62 69
194 69
114 12
109 86
56 30
66 139
32 7
18 38
146 115
95 20
99 81
62 167
193 52
51 146
39 106
146 130
27 141
155 112
56 200
112 51
75 185
98 122
118 121
108 71
40 191
151 85
84 40
178 21
93 166
40 78
23 159
117 32
140 89
107 22
70 158
73 138
164 87
154 77
173 159
46 87
177 164
50 170
16 102
36 105
31 150
55 12
180 105
25 73
82 106
29 198
68 169
72 172
48 181
200 112
58 114
186 47
44 65
7 79
101 176
162 20
148 103
38 156
101 1
67 113
30 7
91 23
29 156
20 136
9 153
63 42
104 25
157 49
53 64
114 110
100 45
123 132
86 8
180 69
87 153
9 123
137 142
56 58
19 174
113 63
32 35
160 104
166 146
28 87
179 37
145 149
189 68
27 105
155 92
122 25
175 17
88 105
17 83
71 160
41 85
141 50
179 195
127 153
112 174
169 183
131 100
192 118
121 80
50 108
74 102
93 138
40 42
3 190
60 53
14 68
140 125
45 178
2 122
130 39
22 121
150 34
79 120
117 181
132 42
121 178
16 66
187 43
150 157
82 191
12 150
45 141
122 29
92 100
55 16
187 152
153 24
82 78
49 159
72 200
21 17
149 76
75 13
135 105
194 99
196 105
125 93
21 57
182 12
115 91
145 161
7 179
11 180
77 171
6 105
7 192
10 100
138 49
34 126
162 171
111 124
114 176
171 59
191 52
138 128
157 100
61 13
1 66
57 48
167 15
5 176
9 181
157 21
90 40
143 38
131 185
147 35
170 128
133 28
100 193
104 132
123 160
80 157
156 194
52 19
108 40
166 47
132 107
14 83
199 45
146 187
13 133
4 45
98 192
65 9
47 137
175 68
94 172
27 117
88 69
71 132
112 64
131 51
198 9
131 198
41 194
26 182
192 82
140 146
107 65
70 87
2 175
22 170
188 134
185 177
192 193
177 147
140 97
16 31
93 31
154 133
83 25
103 106
188 74
16 174
35 154
163 81
183 50
82 163
111 82
1 143
59 113
187 164
102 49
139 57
1 56
21 53
152 188
172 71
48 125
105 124
72 115
129 156
78 169
44 9
138 66
91 46
128 84
20 98
77 79
134 30
10 24
30 95
114 200
111 144
24 148
33 90
90 157
110 88
76 152
114 39
5 148
190 144
191 185
29 14
124 140
184 73
133 112
190 99
160 178
76 126
57 53
66 164
160 33
38 6
4 114
8 117
136 10
156 85
32 107
89 110
18 82
4 1
8 196
27 160
28 159
145 93
4 144
151 195
27 81
155 4
84 166
88 33
17 27
94 27
131 47
60 159
151 48
197 107
141 122
164 173
22 199
26 138
50 52
70 179
168 183
26 61
154 118
73 126
97 96
16 138
36 197
183 22
26 69
116 43
153 39
45 17
49 86
68 182
72 177
182 170
55 88
187 192
25 29
135 32
68 197
200 85
163 171
184 122
115 98
93 64
9 46
30 153
72 111
115 19
152 7
6 166
134 107
176 189
181 132
153 155
148 51
77 115
91 187
110 133
15 64
125 98
132 199
134 149
63 49
104 62
33 102
87 175
39 8
80 71
43 77
38 163
104 77
124 144
52 181
5 25
100 153
29 131
89 168
15 80
18 148
19 149
113 18
66 136
14 152
15 193
111 33
83 160
75 90
4 86
136 38
32 119
51 149
89 74
71 46
166 198
95 164
98 136
193 164
47 65
112 52
64 183
84 186
141 13
112 131
168 117
131 11
60 163
192 107
84 41
50 73
88 172
17 144
3 69
23 158
121 36
144 29
36 27
168 147
22 82
150 7
154 74
46 84
140 41
69 93
55 158
122 131
49 161
159 108
163 105
96 68
59 72
25 72
45 117
83 190
102 110
68 170
106 101
129 58
96 51
149 55
116 190
44 179
120 185
11 58
139 65
92 167
115 126
81 178
44 66
7 13
21 110
105 52
129 196
77 134
67 112
105 197
87 109
125 154
181 152
111 91
114 141
24 93
177 119
6 29
157 159
91 135
167 106
115 71
100 95
29 69
87 179
53 79
110 16
57 132
114 111
133 39
100 46
160 139
56 76
19 64
193 143
4 191
62 102
100 189
66 125
123 116
199 187
19 177
132 112
14 116
71 125
146 84
108 30
4 74
132 7
8 13
71 170
30 193
145 148
169 30
8 156
118 43
193 128
122 38
13 149
108 21
145 37
75 164
98 31
151 11
178 167
179 194
198 34
74 20
188 12
151 120
64 2
84 77
13 119
107 100
74 103
23 162
117 3
121 192
69 160
73 165
130 36
22 126
46 112
103 65
69 49
36 142
82 188
102 187
31 117
183 94
59 84
187 155
25 36
79 153
49 158
106 89
92 20
129 6
135 104
196 106
54 88
58 23
115 90
10 146
11 183
34 12
162 57
77 170
134 51
91 114
178 63
185 106
39 67
5 191
43 4
171 75
191 132
67 138
90 41
57 160
170 129
123 163
86 21
52 109
76 91
42 71
80 158
66 65
86 132
199 159
166 44
8 90
156 114
85 84
14 80
199 44
146 184
113 171
98 193
99 104
28 180
32 191
142 180
145 112
98 176
8 184
118 55
88 70
51 122
71 135
37 51
41 176
61 173
175 165
178 75
3 12
117 192
188 16
64 110
84 97
50 17
127 13
164 25
121 133
22 171
23 198
26 38
192 194
12 85
50 187
59 146
117 171
26 73
154 130
103 101
55 198
120 19
173 119
163 33
1 142
96 12
120 130
139 56
159 181
163 142
1 63
129 98
186 117
7 1
135 76
48 126
68 113
200 137
148 169
78 174
44 10
100 159
195 142
185 164
10 25
111 147
39 150
63 28
138 165
157 71
33 89
87 138
57 83
39 103
167 50
43 96
63 109
191 184
104 82
133 127
123 79
52 65
15 127
18 177
132 185
136 188
119 59
139 173
146 60
146 13
166 72
4 115
132 72
189 169
62 137
51 184
18 83
189 26
65 20
28 152
175 91
112 9
94 137
169 86
98 84
51 86
186 128
193 127
61 177
178 111
17 171
127 80
164 174
37 184
168 41
188 52
117 74
192 191
121 15
107 44
70 176
127 33
2 176
188 171
132 33
18 2
177 190
69 120
73 125
36 119
55 181
93 98
59 190
79 51
103 137
69 9
186 86
193 53
130 159
153 38
120 47
173 91
102 67
68 183
106 14
159 24
126 69
182 171
55 91
186 166
149 18
187 195
82 23
135 35
11 17
196 19
72 1
200 86
96 135
71 44
172 36
30 158
196 162
125 4
99 78
128 130
148 77
75 41
23 134
87 72
162 97
128 49
185 192
158 141
171 2
63 48
191 79
29 96
124 34
87 174
56 194
39 11
43 76
137 7
29 17
15 34
143 25
147 90
76 12
5 24
133 83
190 28
29 130
52 37
76 99
42 31
190 66
136 88
14 153
38 35
169 144
28 77
32 136
145 175
165 164
169 33
155 114
122 3
51 5
198 180
145 56
165 53
27 60
3 55
23 40
64 39
155 144
178 19
107 123
144 143
198 86
168 5
178 133
60 19
174 31
144 30
164 81
154 75
83 99
12 29
140 42
197 23
35 196
187 1
153 145
197 184
163 104
21 138
79 132
120 75
68 171
129 57
96 52
88 197
44 172
48 183
176 124
159 141
92 160
96 163
7 73
101 190
162 18
200 193
152 100
134 84
172 159
195 70
158 94
34 88
128 29
20 27
114 138
77 22
6 18
63 199
90 163
181 8
110 166
185 77
13 112
171 110
63 84
29 68
124 70
161 52
114 108
100 47
194 52
123 134
124 181
15 6
110 186
76 48
57 46
5 124
170 7
100 190
123 119
199 186
28 34
156 111
85 191
160 106
14 117
199 75
146 85
113 142
42 130
8 14
122 180
85 32
165 88
98 173
189 66
193 135
108 22
94 65
64 148
148 38
179 197
108 165
164 151
3 19
23 76
151 123
192 72
121 86
141 129
70 105
179 141
93 136
23 189
117 2
121 199
16 53
73 164
97 62
79 122
117 179
174 170
103 64
9 28
49 12
12 144
31 116
159 67
30 190
35 113
55 18
183 89
187 154
120 103
31 5
21 31
152 162
116 147
200 110
182 2
58 20
115 93
48 34
54 200
152 64
81 46
91 117
138 142
143 179
57 54
185 105
29 40
157 19
33 45
90 54
53 162
57 167
66 47
86 42
19 95
113 72
76 84
62 60
135 158
160 7
52 29
146 38
35 119
132 85
189 132
62 146
14 81
2 26
4 47
99 107
65 15
47 139
142 181
145 119
146 200
169 121
155 58
88 71
179 176
92 89
112 125
178 72
141 84
144 184
127 191
40 121
60 100
188 17
26 180
121 114
107 67
70 85
127 12
74 152
3 156
150 93
106 64
192 195
103 23
59 149
69 20
16 160
130 184
150 191
102 164
106 43
72 151
163 32
92 74
183 189
59 115
187 166
25 7
82 48
45 188
102 55
49 185
149 110
135 79
11 69
30 163
196 79
34 190
72 117
129 146
115 57
7 145
195 113
158 7
185 171
148 25
63 142
195 30
134 175
138 162
157 70
161 3
90 155
151 138
181 64
114 37
167 45
100 16
53 134
56 150
184 75
5 35
47 85
123 78
86 54
18 174
19 123
76 120
132 186
133 143
62 63
66 162
199 130
113 197
193 45
32 109
14 45
109 145
146 157
169 196
184 111
189 25
155 105
51 40
165 16
131 128
4 146
98 85
61 95
84 160
122 95
17 25
40 198
60 153
61 176
20 86
144 164
17 170
23 116
117 73
64 75
192 176
103 3
107 47
127 32
154 116
36 112
153 180
181 154
35 184
163 79
130 156
102 64
49 84
168 97
183 129
96 41
120 159
159 168
21 87
115 100
78 24
48 27
141 119
68 86
125 3
200 166
6 164
172 180
10 171
138 100
87 75
54 176
185 199
148 61
24 67
6 55
157 185
91 189
185 48
63 51
90 127
76 190
114 73
137 6
180 108
56 178
76 13
147 180
170 70
104 51
100 155
123 106
89 174
180 19
74 144
166 26
156 4
160 79
199 102
8 19
62 170
122 145
142 194
145 174
169 32
98 134
99 163
100 122
193 186
51 4
145 63
37 121
61 99
118 124
60 189
155 147
84 43
70 2
40 49
3 71
64 87
174 28
73 143
36 5
2 149
97 17
150 5
83 98
46 90
16 89
83 108
36 148
103 172
135 165
55 9
153 1
45 115
49 112
106 99
126 102
182 180
45 132
49 193
68 59
54 114
182 39
96 164
115 64
78 116
44 60
172 9
101 189
68 74
196 135
128 111
148 98
156 128
81 193
138 24
30 10
34 89
128 30
111 101
77 21
6 19
67 3
90 160
91 153
114 26
43 26
104 28
80 149
90 83
57 138
76 162
80 37
137 34
104 171
123 153
52 139
143 124
190 57
194 7
123 118
89 138
19 179
113 60
133 199
28 35
32 38
18 9
95 117
8 15
122 181
32 149
145 138
169 28
27 106
45 105
37 29
165 40
118 88
88 27
141 47
179 196
40 158
23 79
151 122
192 73
121 85
84 79
50 107
13 117
93 135
121 198
144 123
130 34
150 33
154 172
174 171
103 67
106 165
16 69
187 44
150 144
153 108
177 86
106 52
159 66
92 103
96 98
187 157
25 42
82 77
120 104
106 71
166 182
163 148
129 4
21 30
115 175
78 33
7 31
48 84
139 111
72 90
92 133
148 151
10 144
34 10
186 23
111 8
148 6
24 12
152 65
11 77
125 188
162 166
91 116
157 97
147 183
185 104
67 140
53 161
133 25
156 174
58 32
33 157
30 72
113 79
42 69
136 130
78 167
14 167
52 30
6 192
146 39
184 142
28 7
85 82
14 86
142 11
71 99
199 46
38 104
8 43
152 10
32 177
179 2
142 186
165 123
41 37
169 120
8 186
27 118
155 61
88 72
51 124
122 110
178 73
195 108
164 180
40 122
3 14
41 199
188 18
26 181
192 85
46 176
50 15
144 200
2 170
108 77
174 84
177 144
164 106
93 28
12 38
69 19
150 188
153 72
135 168
173 117
102 165
49 47
12 181
72 152
96 14
13 3
102 52
49 184
200 60
163 176
10 59
115 139
78 61
7 3
11 68
128 184
148 171
115 56
152 46
7 144
176 148
20 109
148 26
152 93
10 7
67 74
195 1
87 23
39 144
63 30
138 163
57 81
167 44
29 11
167 189
170 99
190 102
137 122
156 178
33 185
18 175
56 6
38 170
76 121
133 142
29 126
14 131
18 62
146 11
99 57
156 80
51 186
70 160
8 199
27 165
155 104
28 154
61 169
145 82
37 68
165 31
94 143
41 1
4 147
155 25
197 125
39 5
41 146
60 154
151 77
84 16
175 187
178 109
107 145
74 42
60 9
93 60
26 137
192 177
121 13
173 169
164 63
130 123
150 126
26 56
46 63
103 58
50 130
12 105
144 67
55 183
16 141
36 192
183 19
79 162
83 167
35 8
2 51
49 164
72 3
200 88
1 25
96 153
78 25
53 196
11 96
30 156
196 172
78 136
30 47
181 129
4 7
63 173
101 122
157 184
161 189
91 188
111 177
134 136
63 50
101 112
194 191
33 123
90 124
56 196
57 109
114 70
43 78
171 149
100 53
137 5
104 176
15 44
56 179
184 104
147 92
133 81
62 73
156 150
4 111
166 27
66 135
85 153
14 159
166 106
99 85
65 69
193 8
96 110
71 43
75 44
95 161
99 162
27 129
155 116
116 97
198 170
112 55
98 118
64 138
27 62
122 112
40 163
168 120
41 142
60 190
188 107
64 57
107 125
70 3
198 84
127 118
8 79
168 7
129 45
117 44
192 157
174 29
130 95
150 26
79 96
26 28
139 49
197 21
126 133
73 31
36 149
93 68
177 41
197 166
59 77
79 134
49 119
106 96
92 51
129 63
8 57
116 185
176 126
68 36
196 113
72 63
200 116
54 115
92 162
21 106
78 117
44 61
7 75
48 56
11 140
125 38
1 107
24 49
152 102
172 153
114 136
43 140
6 16
191 28
90 161
91 152
110 164
185 83
75 195
9 157
124 64
110 23
147 11
39 41
80 38
137 33
194 50
52 148
184 4
5 122
62 101
199 180
56 62
108 44
166 7
133 198
47 105
156 105
54 16
89 58
109 199
113 140
28 83
71 15
165 70
142 192
118 46
28 194
94 71
118 89
155 193
141 46
179 199
198 33
101 27
40 159
17 33
131 104
23 78
192 74
47 51
13 116
70 111
74 98
2 199
40 46
73 170
130 35
59 139
22 125
46 119
177 196
153 115
139 128
12 146
106 53
197 154
92 96
55 108
183 91
198 30
139 17
68 137
163 151
182 145
115 174
44 146
172 95
176 26
68 24
196 85
54 95
78 81
10 145
162 52
6 109
138 61
67 81
30 103
125 187
24 188
171 63
134 193
57 52
20 168
167 11
67 143
33 35
90 52
53 160
110 51
190 50
170 140
133 24
137 93
156 175
33 156
52 104
42 66
170 31
136 131
119 80
66 92
109 26
146 36
132 87
62 144
164 54
95 104
8 44
28 183
47 149
175 64
94 144
41 36
98 79
27 73
47 122
51 127
145 6
112 127
41 181
151 40
155 173
175 166
107 180
70 56
108 139
164 181
60 102
117 115
84 108
140 142
107 69
164 4
40 10
23 195
26 37
177 151
69 129
16 19
73 70
36 94
22 25
150 194
83 29
31 197
69 18
16 162
187 75
130 18
102 90
106 41
35 111
186 129
59 117
102 53
139 61
163 179
160 149
115 138
7 2
135 73
48 113
105 96
68 124
196 73
72 119
200 140
78 173
6 190
10 181
176 149
34 47
6 73
134 18
67 77
105 130
161 144
185 26
24 152
138 160
165 162
57 80
76 148
147 67
167 188
194 122
86 52
33 184
18 172
56 7
19 125
6 96
132 164
180 168
199 124
4 126
132 75
8 121
136 14
156 81
89 114
18 78
175 100
37 67
165 30
94 140
131 130
27 85
155 24
179 142
17 31
40 200
23 1
84 17
141 118
144 166
17 168
127 93
37 165
40 87
168 44
50 48
2 143
97 11
150 127
173 182
38 83
12 116
50 131
2 62
153 186
173 199
159 116
55 39
81 130
116 82
106 13
159 5
72 181
183 131
149 95
48 142
176 83
196 30
78 30
77 158
134 111
172 182
176 177
30 44
34 51
20 2
58 189
81 116
157 183
87 58
111 176
167 66
191 72
67 182
53 119
190 176
52 177
15 47
143 26
184 105
76 15
62 78
66 21
86 80
180 29
113 22
66 132
32 28
75 94
28 72
128 96
195 158
145 172
98 132
155 119
193 184
47 77
17 106
145 61
37 103
61 97
118 114
122 113
40 164
60 191
151 80
88 176
144 130
127 113
74 79
97 166
154 39
69 200
164 92
2 147
130 92
173 154
103 89
150 138
153 150
177 40
159 104
105 173
183 118
59 76
82 103
120 78
49 118
126 100
92 12
129 62
116 186
45 130
11 62
49 199
72 32
92 163
115 66
162 17
152 103
134 75
30 8
128 16
111 103
91 155
39 91
167 102
29 65
124 65
110 20
56 80
42 111
170 56
119 79
133 197
193 122
160 109
14 120
4 54
28 172
122 179
32 151
71 14
27 108
155 83
151 7
5 142
178 163
74 16
3 20
64 6
46 154
50 105
13 115
127 21
97 194
143 53
154 59
135 26
140 122
17 9
144 125
164 112
2 119
153 193
26 113
103 125
73 58
36 138
183 37
31 113
25 40
120 106
139 16
68 138
92 16
186 93
176 27
125 88
72 92
92 135
44 34
11 171
105 20
58 130
81 35
63 151
67 80
105 165
111 123
77 55
24 189
191 51
157 127
158 200
143 188
114 60
5 187
151 197
9 184
63 117
191 128
104 122
124 101
90 53
143 45
110 48
76 192
80 3
133 7
119 162
194 23
160 171
15 103
38 140
119 83
123 20
15 148
12 185
146 37
166 32
99 31
18 107
8 45
118 152
28 176
175 67
179 4
145 116
165 121
131 169
98 76
189 99
118 11
179 181
145 5
28 60
41 180
151 43
155 172
13 6
25 2
144 187
108 132
74 52
189 153
41 197
60 103
26 179
64 98
121 119
84 109
127 9
164 5
40 11
169 175
150 80
26 34
103 16
69 128
93 26
59 150
117 148
174 197
16 163
163 84
82 156
45 40
173 115
177 112
126 45
183 190
120 134
139 60
148 198
186 113
152 129
25 181
44 119
172 60
135 72
48 114
11 70
30 166
68 125
196 74
34 189
200 141
54 56
148 181
54 171
185 168
58 166
152 95
81 15
63 139
67 76
195 3
158 149
87 17
91 82
92 176
185 25
134 162
63 24
33 93
110 93
57 87
195 194
53 131
57 192
167 191
119 134
123 67
160 183
15 123
109 108
76 123
132 165
86 164
199 127
169 184
189 165
136 15
28 101
32 96
199 12
189 22
155 106
28 148
175 103
51 45
142 148
37 66
61 92
108 89
101 20
112 156
41 144
188 65
192 4
127 92
40 88
3 108
26 151
111 32
50 49
70 180
73 144
74 187
97 10
150 124
91 2
12 117
69 100
16 112
144 69
36 115
2 63
59 178
22 58
111 79
103 133
31 184
159 119
35 189
107 167
55 38
187 86
82 128
135 142
163 193
6 41
183 130
104 49
45 157
141 73
68 194
72 5
129 66
58 88
21 84
152 157
44 91
172 32
48 30
195 193
196 174
34 193
128 134
115 22
6 155
168 57
128 53
185 196
148 56
24 70
6 42
101 120
67 40
57 2
167 125
157 39
76 185
39 7
52 178
15 46
143 101
76 8
93 134
170 69
124 28
66 18
89 179
19 152
166 25
119 27
160 66
142 86
18 32
166 104
136 43
145 163
165 160
169 37
108 46
145 60
75 191
84 199
188 101
64 59
140 192
178 15
198 74
40 52
97 165
60 47
57 155
117 42
192 159
107 12
144 18
73 140
46 82
22 87
150 24
143 59
46 89
177 161
35 200
93 66
79 19
159 107
163 108
96 89
153 6
45 112
49 117
68 151
103 66
182 139
129 61
96 200
149 50
116 187
120 190
11 49
196 115
92 188
21 104
115 69
101 186
162 46
200 197
153 136
24 51
162 129
54 147
111 102
80 163
90 175
39 90
171 98
191 111
157 11
33 5
39 43
80 24
194 48
124 177
52 150
180 67
147 122
80 183
62 107
45 32
21 129
52 5
199 182
136 120
65 182
156 107
14 121
1 167
18 4
75 125
95 118
32 168
145 143
169 1
189 94
118 44
155 82
88 111
179 88
98 24
108 161
40 129
131 106
121 90
50 102
13 114
70 109
136 9
174 63
135 51
16 41
130 33
4 94
153 192
117 191
88 140
46 117
126 167
36 139
187 33
150 151
153 113
102 188
159 185
163 8
183 85
96 101
187 158
116 104
120 107
49 145
68 139
106 66
200 3
182 151
129 25
21 27
68 26
196 87
1 71
129 138
149 199
81 145
7 169
152 137
11 170
195 153
111 21
78 198
81 34
134 52
138 59
77 54
24 190
134 199
12 200
161 123
147 184
5 186
43 123
171 78
9 191
124 102
143 44
57 171
76 193
133 6
190 73
194 20
33 146
61 39
184 34
113 76
5 92
137 172
14 170
109 24
99 30
65 146
193 69
18 104
146 181
165 151
38 111
99 111
175 66
142 185
4 186
61 55
155 62
122 71
78 159
13 180
17 49
71 130
94 33
131 57
98 60
107 182
108 133
74 53
37 143
168 50
131 70
46 183
140 136
2 169
3 128
22 172
177 149
144 90
97 94
154 143
103 96
114 102
163 87
36 175
183 8
187 77
120 24
159 197
72 155
126 82
1 129
183 185
96 1
25 11
49 189
159 176
163 181
182 115
81 90
58 69
21 63
44 112
7 124
176 56
68 126
78 179
6 188
60 80
100 187
162 86
58 167
43 185
101 67
144 134
111 158
39 141
134 163
138 174
157 66
161 7
90 103
80 81
43 103
63 104
56 154
147 69
167 190
5 47
133 122
137 127
66 15
160 200
33 190
180 59
113 104
42 36
136 161
123 51
142 123
166 77
95 57
8 123
85 115
89 112
146 153
169 200
99 139
28 149
51 44
145 87
37 65
169 89
47 24
88 39
94 29
41 151
84 19
13 41
141 116
70 26
198 111
74 41
143 34
121 18
50 46
141 197
73 151
74 184
2 141
26 7
5 11
46 66
174 119
36 124
2 60
97 122
35 188
130 152
187 105
153 41
49 72
68 188
106 11
163 192
149 29
45 156
196 24
200 91
133 99
186 18
149 142
7 96
10 196
11 101
196 175
58 200
78 143
10 87
138 96
30 18
158 103
128 54
58 187
77 109
24 71
157 181
157 38
5 94
33 120
53 117
110 126
62 1
100 48
52 179
143 100
42 47
100 135
119 101
66 19
29 157
45 22
89 178
15 94
18 142
132 154
85 166
32 30
86 193
18 33
38 36
166 105
189 200
62 174
199 152
51 155
14 13
71 36
98 130
151 140
99 167
122 12
175 122
179 127
71 181
37 101
98 117
64 141
118 112
84 192
141 7
168 123
131 113
60 185
64 60
155 151
178 12
144 132
74 77
93 191
40 53
60 40
69 182
144 19
73 179
130 90
22 84
26 27
154 84
140 39
126 136
55 148
187 4
150 136
153 148
173 41
139 153
21 149
187 117
116 21
79 131
45 111
106 111
35 41
186 71
149 49
116 132
172 118
78 48
176 113
49 197
72 34
54 118
92 189
21 119
81 180
7 68
48 59
173 81
158 48
96 133
77 128
101 10
138 4
87 107
125 148
91 108
54 144
111 97
24 163
6 23
191 25
167 96
9 130
124 67
90 95
110 26
57 142
170 151
133 33
194 49
34 199
19 70
42 109
5 103
190 61
117 85
89 142
136 121
65 181
89 63
8 51
85 43
151 144
8 130
118 45
155 85
51 100
198 149
145 31
37 25
87 78
118 92
178 161
179 200
108 162
131 109
192 77
121 89
178 48
141 188
127 23
93 131
3 167
97 192
46 11
140 116
16 42
144 127
36 37
103 127
126 164
150 148
102 189
139 133
197 135
126 55
163 11
1 164
183 84
96 102
120 108
163 152
149 85
30 154
188 118
72 94
92 129
129 137
58 17
44 28
48 39
148 2
78 199
81 33
158 191
161 137
91 72
114 171
77 53
88 130
134 196
157 125
90 128
167 4
80 118
100 121
63 119
191 130
29 35
123 200
53 173
57 170
190 78
119 188
66 40
15 97
143 92
56 110
38 130
119 45
74 134
33 103
28 3
32 70
109 168
4 20
8 47
32 181
179 6
146 197
94 151
175 50
17 48
94 38
98 61
192 58
175 163
178 69
141 79
108 134
164 78
3 114
131 73
60 97
188 46
117 112
100 9
127 11
197 89
144 91
26 83
187 76
120 25
139 161
177 118
72 156
92 71
59 118
45 183
102 40
196 37
159 179
200 32
1 49
129 100
58 66
115 143
78 1
48 116
176 57
170 91
34 187
72 122
129 149
195 116
34 42
162 87
58 164
63 181
101 66
67 78
87 19
171 28
134 160
9 98
124 20
161 6
90 100
143 146
57 85
167 40
104 88
96 64
5 46
9 43
66 12
33 189
15 69
109 106
56 10
113 111
76 117
133 138
123 50
18 58
184 174
62 179
193 32
14 54
199 14
75 4
99 138
152 139
28 150
37 64
94 115
41 5
27 86
21 192
168 85
60 150
199 101
178 105
141 115
17 173
127 94
37 162
168 47
23 115
186 170
73 150
2 138
97 8
154 113
173 179
46 67
140 60
197 61
144 71
8 16
79 57
136 37
173 196
177 1
45 149
16 129
187 104
83 171
106 8
55 81
183 156
82 17
54 107
129 64
96 157
95 94
152 159
44 85
105 65
68 83
162 8
115 24
172 177
101 21
34 78
181 141
58 184
101 102
67 42
181 62
110 140
147 130
134 140
67 187
131 177
197 101
57 113
114 66
95 128
43 66
15 40
184 108
147 96
5 2
133 93
119 100
114 25
104 195
86 87
89 177
180 24
56 38
19 154
32 31
180 143
42 168
193 12
51 154
142 199
71 39
165 174
151 143
17 111
71 180
37 100
141 6
188 103
64 61
50 64
141 151
6 116
60 41
23 151
192 145
174 33
107 14
97 20
26 24
91 25
174 144
126 137
2 1
79 29
102 150
49 26
159 85
125 164
102 97
120 192
11 51
49 196
196 125
129 172
58 122
149 161
44 57
172 6
48 60
176 193
125 34
162 44
152 106
134 78
10 72
67 121
195 76
34 82
162 159
20 33
114 132
43 128
67 6
143 165
181 18
21 195
43 17
171 100
190 192
104 1
147 15
39 37
56 83
147 124
5 102
100 164
52 7
199 176
70 69
132 127
65 180
28 56
85 185
14 127
199 65
166 138
95 112
28 175
179 45
8 131
118 34
122 33
61 130
13 31
127 129
107 35
131 108
60 94
46 153
178 49
12 70
74 110
93 130
97 199
150 75
46 8
174 61
69 169
144 112
130 63
103 6
46 123
174 172
9 3
49 6
12 142
31 114
126 52
55 104
183 87
22 43
82 70
139 21
31 3
200 5
4 90
182 149
9 105
135 97
48 73
176 30
200 148
31 119
115 35
81 151
7 171
10 157
185 145
160 182
24 17
81 32
134 42
63 144
186 30
158 188
181 197
114 168
194 87
39 120
167 7
9 189
191 141
90 48
56 128
57 169
9 14
139 135
160 174
52 116
184 36
106 62
170 27
133 149
62 5
45 27
14 168
15 145
136 22
51 165
14 91
19 199
65 1
32 182
41 40
98 75
13 178
192 59
120 110
70 60
127 165
74 51
168 52
46 181
140 138
107 57
74 130
40 14
3 130
150 87
26 33
140 25
93 23
95 26
174 200
106 130
69 30
16 166
126 193
183 10
59 24
153 83
45 37
83 142
49 34
1 135
187 188
45 182
49 179
148 193
21 61
115 142
78 6
172 63
68 120
128 189
6 178
195 119
134 22
101 65
91 87
185 30
171 31
138 172
16 111
67 139
76 144
114 95
43 89
100 30
104 89
58 31
170 108
62 86
9 42
119 131
156 143
56 11
38 175
76 118
62 33
156 62
14 132
184 175
132 55
136 50
32 99
14 55
145 196
109 139
41 4
47 26
178 151
60 151
50 93
107 148
97 158
23 114
192 182
174 10
70 171
195 68
127 46
2 139
130 116
168 191
150 115
46 64
174 117
177 183
140 61
16 115
73 102
59 36
25 116
68 190
106 9
159 1
72 185
35 15
92 36
135 24
91 74
11 22
157 165
182 93
129 71
105 64
54 27
148 84
115 27
10 85
138 110
158 101
161 199
181 140
54 138
20 14
58 185
77 107
24 73
81 104
10 36
67 45
87 54
147 133
111 188
171 123
191 116
161 33
53 115
140 149
57 112
114 67
100 50
104 181
143 102
19 44
62 114
190 7
119 103
156 147
104 196
123 96
157 86
52 44
180 25
65 175
180 136
18 31
146 104
166 111
95 31
8 25
62 172
122 155
32 143
145 160
169 42
98 128
189 55
193 188
179 65
198 175
94 108
58 67
47 62
88 5
198 62
60 187
117 194
1 5
50 65
178 10
70 4
17 136
39 45
3 77
174 38
177 179
73 177
36 3
154 82
173 150
46 92
103 85
140 33
16 95
126 142
55 150
2 30
150 142
153 154
103 170
126 25
55 7
21 147
187 119
25 80
45 109
68 146
126 104
182 142
149 63
116 134
44 171
7 49
120 193
1 120
58 123
78 126
176 194
158 54
196 141
162 45
152 107
30 12
158 65
54 150
39 198
77 15
24 165
43 131
95 46
191 27
138 149
90 170
181 17
20 145
114 20
167 98
43 16
190 193
109 95
157 8
110 24
80 27
104 145
120 13
86 1
56 84
147 127
5 101
100 165
86 112
113 54
133 193
85 184
32 60
160 97
14 124
199 64
75 126
32 171
41 51
169 6
27 96
155 87
122 46
175 24
51 102
98 23
118 82
155 196
23 69
151 112
20 35
46 158
141 186
127 17
35 46
69 168
164 124
153 197
154 182
46 120
12 56
69 57
183 33
130 175
49 5
31 125
116 131
35 118
182 100
1 186
116 107
82 71
45 81
139 20
106 65
182 106
186 89
115 181
7 21
48 74
11 94
34 149
54 80
1 68
148 157
165 191
148 12
81 39
63 147
158 189
87 9
181 196
1 115
77 51
134 186
138 137
157 123
110 69
80 104
9 188
191 140
110 52
21 173
137 64
52 117
38 128
76 83
133 148
86 156
184 148
65 151
28 29
14 88
199 36
75 26
166 183
189 14
145 38
179 8
131 173
4 165
189 127
118 15
122 66
88 78
51 66
192 60
17 199
127 164
37 140
3 116
107 56
127 53
168 196
22 163
154 27
177 138
93 22
153 161
26 81
111 67
103 157
148 63
126 198
10 31
59 27
187 78
49 33
12 179
106 18
72 158
30 90
55 79
183 186
116 79
135 55
139 48
168 80
1 55
58 64
186 125
115 145
78 7
44 115
7 121
45 198
48 118
176 59
196 182
54 60
78 182
44 2
10 190
176 138
195 118
168 53
91 57
54 175
148 32
6 66
10 1
67 48
30 68
1 28
171 30
134 166
63 4
185 54
157 95
124 22
90 98
110 97
76 145
39 31
167 42
143 13
57 196
167 187
9 41
137 124
29 182
86 73
180 6
19 128
113 109
62 38
65 194
160 58
180 181
18 56
62 177
122 132
85 112
165 136
95 75
189 18
155 110
5 169
145 84
37 78
131 137
27 40
47 37
108 85
60 144
188 93
84 30
50 90
70 25
17 163
74 84
40 92
23 141
173 181
192 183
100 54
140 175
70 168
127 41
2 136
150 112
117 195
173 177
50 188
16 116
73 101
19 5
59 182
26 116
79 59
159 115
16 131
130 151
187 106
79 168
82 124
135 138
173 83
35 14
163 197
92 37
55 83
149 26
117 144
120 166
11 9
139 92
196 27
137 114
129 70
115 109
25 149
48 18
195 197
54 24
148 85
77 153
78 146
101 19
30 17
161 198
34 76
35 133
77 106
24 74
6 46
67 44
181 60
39 178
167 121
38 178
29 120
157 35
33 125
76 181
39 3
194 40
19 47
42 116
170 65
133 91
62 115
100 130
29 154
123 99
21 133
52 45
56 40
113 9
65 174
85 163
25 66
89 32
146 105
75 85
38 91
189 197
85 20
89 81
94 194
95 175
99 168
175 7
51 13
198 172
71 182
37 98
79 158
41 103
60 197
31 60
61 124
118 119
141 4
198 63
131 12
193 113
131 114
60 180
121 66
50 126
141 149
17 143
74 72
97 185
60 43
23 145
154 32
120 138
36 12
2 108
168 156
26 102
121 156
12 21
187 25
154 194
103 165
197 160
152 160
102 103
199 26
92 9
186 66
149 62
116 135
51 153
7 48
120 194
48 175
11 53
139 120
68 34
72 37
182 62
96 187
149 175
78 127
162 42
101 55
138 3
34 156
34 80
162 157
91 97
54 151
111 98
114 130
81 75
191 26
138 146
143 167
20 146
171 102
100 64
29 92
67 153
114 100
80 28
190 81
122 14
194 12
105 78
143 69
56 85
147 126
76 40
42 104
80 171
52 1
15 191
146 58
19 184
198 171
166 57
132 121
133 192
193 125
160 98
14 125
88 122
132 8
4 194
61 47
27 99
155 86
37 6
93 59
118 83
27 49
141 40
164 159
3 27
60 88
192 64
50 98
88 145
107 95
73 172
36 32
2 112
59 129
79 66
83 7
12 136
31 124
159 75
35 121
92 126
200 7
1 42
183 198
20 61
48 75
176 16
196 83
125 83
200 150
1 91
58 28
115 37
138 84
105 31
158 19
34 5
148 13
77 161
24 19
63 146
30 105
161 142
125 181
181 195
20 199
181 116
26 129
191 143
104 127
190 77
137 71
194 16
123 186
52 118
56 113
146 30
38 16
132 93
62 154
51 167
14 89
199 39
4 23
189 13
114 92
61 51
27 79
155 50
51 69
94 37
131 61
60 141
98 56
61 164
192 61
155 163
178 64
198 7
74 49
37 139
46 187
107 59
70 77
2 165
3 132
154 24
12 78
89 194
16 9
83 100
130 1
22 19
79 38
31 195
69 28
153 81
82 153
135 161
177 107
106 19
72 159
35 21
180 124
82 40
102 47
182 119
148 195
25 184
7 120
105 106
152 53
44 3
176 139
158 15
196 198
128 46
58 163
43 189
10 14
87 44
185 28
24 158
63 7
124 23
91 161
53 29
91 198
57 90
5 154
43 91
38 172
137 18
90 18
56 158
184 83
62 84
9 40
119 157
156 137
139 186
86 78
109 103
56 13
19 131
113 108
62 39
65 193
123 55
160 59
14 138
42 179
99 62
193 37
85 127
32 101
14 53
71 60
109 137
4 11
51 48
142 153
37 77
41 10
98 109
61 87
64 165
155 30
84 168
41 155
84 31
13 37
141 112
198 99
37 175
3 83
50 42
150 113
26 3
136 51
173 176
103 51
16 117
73 100
31 167
16 132
163 119
8 3
153 45
83 172
120 189
35 49
96 33
116 172
45 152
139 69
159 144
1 18
21 95
30 135
196 171
148 86
77 152
115 29
152 17
195 85
162 118
111 73
77 105
24 75
81 110
101 99
67 47
147 135
167 120
134 131
63 59
67 188
124 59
87 161
39 2
56 186
19 46
147 101
133 90
194 88
86 106
6 200
62 195
65 173
156 28
86 197
180 138
132 21
8 27
28 70
89 80
145 166
94 195
13 186
169 40
99 171
118 197
118 107
34 1
198 173
165 60
94 82
61 123
118 116
178 185
23 35
151 110
84 51
88 182
70 122
17 142
17 18
97 184
140 76
70 149
79 105
117 166
154 80
83 106
12 22
140 35
16 81
79 30
31 155
54 146
126 31
21 145
187 137
102 100
68 156
106 107
129 48
186 67
17 200
172 114
135 126
11 52
196 120
54 74
92 185
21 115
149 174
172 1
11 133
196 143
162 43
77 188
101 54
181 42
30 114
24 167
6 11
157 149
53 36
91 145
110 175
114 18
171 89
29 91
67 152
124 95
143 68
56 86
184 11
113 91
62 108
86 118
15 190
19 187
28 59
156 96
32 62
14 66
109 192
144 42
4 60
42 139
104 30
179 46
4 195
98 162
151 172
33 6
122 44
175 26
108 15
37 5
41 66
74 26
131 81
23 71
151 114
64 28
46 156
178 44
141 184
74 109
97 196
69 150
73 83
2 113
2 94
197 59
16 189
73 60
150 168
139 185
106 60
126 59
21 181
37 104
187 149
116 117
82 69
106 79
115 183
97 127
11 80
139 103
196 92
138 85
149 189
34 2
20 81
77 160
152 73
10 107
67 86
80 182
158 163
185 7
114 167
90 140
143 186
137 177
57 61
185 112
39 117
80 106
9 162
63 115
124 99
147 44
5 54
156 166
123 189
15 109
143 88
38 134
76 77
126 7
42 77
184 150
132 94
71 91
146 174
165 146
166 181
109 135
66 143
175 73
179 10
98 70
189 125
27 78
175 62
17 52
131 60
126 77
178 65
198 4
112 197
131 77
60 125
23 107
64 120
140 133
127 55
74 129
130 111
22 161
150 106
103 14
50 150
92 2
150 197
117 158
106 129
16 153
193 48
59 29
150 180
173 109
71 9
159 46
72 128
182 121
182 197
55 73
186 136
116 73
120 140
196 33
182 116
58 78
21 58
149 117
78 5
45 196
11 124
54 50
78 180
7 136
149 139
161 169
181 38
182 55
185 35
138 171
124 16
161 26
90 96
57 89
39 25
167 36
171 161
100 25
137 17
29 3
167 181
170 107
133 101
190 110
52 75
17 115
85 141
123 54
128 154
14 139
142 124
180 183
146 3
184 178
95 36
132 50
28 99
89 123
18 73
179 102
142 158
112 3
75 137
98 106
64 166
27 42
178 146
108 87
112 146
94 6
131 24
155 142
50 88
13 36
144 157
17 161
37 174
168 19
13 199
117 80
174 9
140 169
144 44
74 165
2 134
97 12
150 118
188 189
83 81
121 134
103 50
140 56
16 118
55 143
31 166
159 125
55 60
187 108
25 121
82 122
120 57
83 175
27 111
72 188
105 158
92 39
183 152
149 24
116 173
45 151
169 185
139 94
159 147
200 64
54 111
1 17
186 31
78 97
44 81
105 69
68 95
54 30
176 168
195 84
158 104
87 66
101 98
110 144
57 4
111 185
167 123
178 50
191 113
67 191
161 38
167 200
100 61
124 171
23 131
42 114
80 193
124 29
9 75
119 96
104 199
123 101
15 165
199 200
70 65
166 19
132 135
18 79
194 185
65 172
119 17
89 38
18 26
166 98
95 24
99 93
118 171
122 166
32 130
51 158
71 35
169 47
98 159
151 139
189 52
80 91
47 74
175 1
198 162
37 96
94 83
98 14
64 130
178 182
112 190
3 33
23 34
151 105
178 9
107 117
127 126
168 15
15 51
36 14
93 43
130 87
22 105
150 18
79 104
117 165
69 66
197 29
55 147
150 141
49 30
21 144
116 18
79 142
68 157
126 111
92 11
86 31
25 198
124 198
11 55
139 122
125 77
182 60
44 53
172 2
162 40
86 48
81 56
138 1
67 125
158 68
125 175
162 155
128 23
43 132
6 8
194 91
170 42
90 169
181 30
20 156
114 19
194 155
33 31
66 45
147 19
133 44
74 22
53 197
113 90
106 50
5 98
52 3
19 186
195 174
156 97
32 63
160 100
199 61
146 75
132 10
122 186
32 174
145 129
75 192
95 141
151 175
189 88
155 40
122 45
13 138
17 79
145 18
94 79
151 28
118 81
164 153
28 51
131 80
188 7
64 29
192 66
84 80
88 147
141 183
73 193
74 106
188 42
16 47
73 82
97 52
121 190
8 26
150 169
49 58
183 83
25 49
106 76
1 40
99 126
78 46
25 162
11 83
182 24
58 26
115 39
78 89
195 159
125 194
128 68
185 149
24 21
108 154
63 156
10 104
67 89
195 44
161 140
34 114
162 191
114 164
169 41
33 74
181 114
57 60
114 55
63 114
29 62
33 59
90 60
56 132
147 47
170 116
9 50
137 69
29 175
86 32
113 70
5 70
136 139
66 84
142 97
184 151
31 61
189 154
51 169
14 95
18 98
113 160
4 17
47 157
27 65
175 57
179 186
94 43
98 54
155 165
13 63
17 196
127 161
112 198
188 43
26 186
192 174
2 163
3 134
188 154
177 143
140 21
36 70
2 82
153 166
26 92
16 154
163 93
45 69
150 181
102 82
31 82
72 129
1 155
82 38
135 48
102 45
139 53
159 190
182 117
186 120
149 116
152 136
44 110
172 59
45 195
105 104
34 180
128 177
78 181
7 139
176 141
196 192
34 39
91 58
111 55
43 191
6 65
101 77
111 164
39 139
191 92
87 159
110 100
88 154
100 26
29 2
190 111
137 97
66 9
86 76
52 84
180 1
184 196
113 98
76 114
124 19
85 140
32 8
142 125
180 176
184 179
38 50
166 71
95 39
136 54
47 192
160 20
32 103
145 184
18 70
146 147
47 177
175 108
142 159
37 75
165 6
169 67
155 16
47 38
88 45
179 150
60 147
192 27
155 129
13 35
198 97
3 85
23 142
26 158
64 69
50 40
107 25
73 153
26 1
83 80
46 68
174 121
140 57
93 119
83 193
170 141
103 130
163 121
183 106
68 186
159 13
35 51
163 198
92 32
129 42
180 121
22 33
45 150
48 134
11 10
159 146
200 65
1 16
21 93
44 82
7 94
195 198
68 88
54 31
148 80
87 93
91 6
128 12
111 75
24 77
43 155
81 108
157 143
110 145
147 137
43 40
63 37
191 112
124 53
76 176
114 127
170 189
133 55
190 184
15 55
184 113
147 103
76 7
42 115
187 83
66 109
104 200
86 104
103 192
56 43
42 2
136 67
85 160
32 20
199 88
113 159
95 27
8 29
118 168
122 167
85 17
169 46
61 8
189 51
155 79
122 22
51 14
179 69
71 179
75 180
94 80
141 1
8 94
3 32
121 71
127 121
74 119
97 190
121 48
70 139
182 143
97 47
150 19
173 146
16 83
126 178
55 146
93 91
153 158
199 40
197 173
116 19
82 95
120 86
182 130
11 54
200 125
54 72
1 124
129 167
58 7
149 172
152 192
172 3
195 162
196 137
128 121
24 58
152 111
195 51
158 69
34 111
63 200
157 147
90 182
110 173
114 16
167 30
171 91
9 132
157 4
124 89
147 18
80 31
133 43
51 52
137 40
194 11
123 147
124 200
143 70
42 87
119 71
66 113
86 116
89 144
52 12
19 189
132 100
136 127
28 53
32 48
89 1
113 187
99 120
179 48
165 77
169 10
189 87
122 42
178 200
94 76
131 194
98 19
178 91
108 152
40 136
26 167
64 30
121 99
50 97
178 42
23 182
46 13
174 70
140 114
16 32
164 120
93 14
88 20
150 63
117 184
121 189
106 171
58 177
16 191
187 38
150 174
82 176
139 187
23 27
126 57
92 121
183 82
178 71
120 114
39 193
198 2
152 173
11 82
125 80
72 68
54 84
13 33
44 26
10 134
105 28
158 22
152 75
157 198
195 47
158 161
91 78
114 165
134 190
138 181
107 97
161 124
90 138
143 132
181 113
39 119
5 163
43 112
9 160
33 58
53 183
147 46
170 117
119 186
15 111
19 104
76 79
42 75
119 43
66 85
86 144
109 17
38 23
166 88
132 88
99 7
62 153
190 198
89 29
168 192
165 144
166 171
118 144
28 136
37 86
4 161
98 68
118 3
84 151
122 78
175 56
88 82
179 189
41 188
151 35
5 136
107 175
3 120
23 101
46 190
140 135
74 143
3 137
22 101
29 18
174 98
16 12
19 1
2 83
130 28
97 87
117 156
83 36
69 25
25 99
153 86
135 162
163 45
96 24
25 12
82 39
45 177
49 182
52 146
200 38
21 56
78 11
44 111
45 194
105 111
72 96
54 48
58 63
138 119
190 31
169 145
54 163
58 174
43 190
134 11
63 179
10 13
138 198
157 170
195 11
161 175
39 138
167 81
171 18
67 197
87 158
76 141
39 27
167 38
80 72
29 1
90 17
143 9
167 183
136 178
62 91
190 108
156 132
86 77
52 85
56 16
76 115
126 8
132 173
66 185
86 188
142 66
180 177
169 160
28 125
122 128
85 124
145 191
109 134
142 156
165 5
95 196
98 104
61 84
155 19
47 33
88 46
141 28
131 26
23 24
192 28
50 86
178 99
107 139
168 21
97 145
140 171
164 33
168 164
174 126
103 44
36 123
2 55
22 50
153 129
83 192
35 165
163 120
187 110
120 59
83 177
102 127
159 12
72 190
96 36
149 38
44 188
135 23
11 13
72 13
21 48
182 86
196 150
148 81
115 30
172 175
101 31
176 170
195 86
125 137
162 117
181 151
20 11
43 154
10 33
181 56
185 61
58 10
33 113
57 123
76 177
39 63
171 143
104 186
52 186
180 119
151 173
56 189
147 102
42 112
190 8
119 98
118 32
29 150
86 105
166 17
42 3
136 68
85 175
32 21
89 36
199 91
169 156
189 193
118 169
193 6
89 85
93 89
98 157
61 7
99 172
175 3
179 68
108 38
75 183
64 132
88 164
40 173
3 35
121 70
178 7
198 66
97 189
60 39
23 173
20 111
172 133
107 4
70 136
66 48
164 69
93 41
22 111
26 98
121 160
103 80
106 180
197 27
195 60
150 131
103 161
159 83
187 138
79 136
120 87
126 109
1 194
186 78
25 196
139 124
168 90
200 126
182 50
152 193
134 64
195 50
110 195
114 190
43 134
191 6
90 183
143 163
91 146
147 164
43 23
9 139
191 151
67 157
96 38
90 38
57 151
80 16
123 146
33 142
15 10
80 175
124 26
62 19
190 36
119 70
66 78
123 3
15 187
199 174
70 186
19 188
166 61
132 101
28 54
156 99
71 112
18 124
95 126
65 63
41 54
8 137
27 103
155 42
193 147
47 104
112 77
198 31
26 164
192 68
46 163
84 82
50 30
107 83
74 104
150 77
117 22
100 7
46 18
140 115
16 2
16 33
93 13
121 149
130 168
82 177
120 4
49 56
12 132
159 55
35 125
92 122
15 49
59 99
25 55
102 7
153 175
1 46
186 98
152 174
44 132
172 81
48 79
92 152
180 93
81 137
10 135
80 196
125 192
162 74
54 196
148 9
77 93
134 44
67 91
161 130
162 189
134 191
18 173
157 118
170 23
124 15
143 135
57 66
185 117
39 118
167 61
9 167
63 124
191 139
52 195
56 134
147 49
170 114
190 113
119 181
66 35
123 190
52 114
180 47
109 127
184 42
38 133
5 68
146 26
184 153
15 141
132 89
193 93
66 197
1 185
75 17
179 15
173 64
41 18
169 101
27 67
179 188
107 174
96 30
17 186
168 58
64 123
144 195
127 48
150 105
188 148
174 99
103 11
140 23
16 13
144 82
36 64
55 164
93 17
79 34
102 193
35 136
59 30
187 69
116 37
82 149
173 106
106 31
163 44
92 94
120 143
139 55
196 44
72 18
149 114
152 138
172 53
135 67
200 182
54 49
58 60
152 57
138 116
91 60
20 112
101 75
67 55
105 136
158 130
29 111
33 84
161 31
92 156
76 142
39 26
100 4
137 22
33 197
52 167
170 86
190 109
160 192
33 182
195 182
109 99
65 197
180 178
18 53
146 126
184 181
95 33
42 191
136 56
28 126
145 190
199 7
146 145
165 179
88 65
109 54
37 73
27 47
60 173
188 90
64 40
155 131
84 27
50 87
178 96
127 71
97 144
23 136
64 71
121 26
107 27
70 173
93 196
154 120
50 185
73 104
55 136
93 117
83 195
159 126
197 183
105 168
55 57
183 100
116 57
79 183
82 121
120 60
68 164
106 115
126 118
92 34
183 149
149 37
45 148
159 156
1 22
81 92
58 97
25 152
128 159
30 26
162 114
170 135
88 186
10 46
181 7
161 59
191 195
123 137
180 112
143 108
42 113
170 74
62 116
119 125
123 102
15 166
9 152
119 18
87 148
18 25
38 92
8 31
104 26
65 82
32 133
71 28
151 132
193 182
51 16
22 75
29 32
80 78
88 11
198 48
131 121
188 126
151 106
178 4
141 144
70 126
108 197
39 44
40 61
107 7
144 11
164 70
130 82
3 192
150 17
46 102
106 181
197 63
197 26
73 4
2 24
187 28
53 149
49 19
116 29
79 139
45 103
102 24
106 87
16 85
92 6
10 35
149 57
7 47
135 122
48 164
176 105
72 42
1 114
129 165
148 135
44 48
190 22
105 38
80 145
81 61
101 50
29 140
87 99
162 150
191 1
138 159
161 86
185 160
147 167
114 97
170 159
9 27
137 46
194 9
160 153
52 159
19 78
184 1
5 111
133 186
136 146
100 163
123 2
86 138
89 150
52 14
109 43
113 40
160 103
109 188
146 70
113 185
95 121
66 179
118 138
28 166
142 170
94 163
41 53
95 142
98 190
155 45
51 108
198 141
71 145
74 147
131 196
98 17
118 84
198 28
168 95
131 85
188 2
82 54
192 69
140 157
178 40
141 180
49 135
144 119
164 122
130 54
22 8
150 61
83 10
12 54
16 177
183 63
95 11
96 126
187 169
49 136
1 45
21 34
149 93
7 19
135 94
176 21
105 113
196 88
128 168
1 94
148 155
115 40
78 92
105 2
158 20
186 21
54 197
185 154
134 45
138 32
30 82
87 7
91 64
182 51
185 11
171 40
58 5
125 101
143 134
110 79
39 113
5 161
43 114
9 166
56 135
114 88
57 178
189 67
86 39
56 118
184 43
28 199
5 67
133 158
136 142
86 150
184 154
189 166
99 9
136 29
28 27
118 12
85 102
32 94
51 170
89 99
75 16
38 100
189 8
28 138
142 134
94 159
131 147
169 100
98 66
27 66
131 32
60 138
192 50
155 166
164 184
37 182
168 59
97 139
121 125
84 119
137 85
130 107
3 139
150 110
174 96
177 140
144 83
73 115
36 65
151 38
101 64
117 154
154 148
106 141
59 17
82 146
49 91
106 28
163 47
92 95
116 85
135 45
48 157
139 54
10 57
129 124
58 74
149 113
78 9
48 108
176 49
105 109
58 61
112 196
78 184
11 193
181 177
128 35
58 172
24 116
134 9
67 54
185 39
43 193
29 110
157 89
33 107
87 152
53 24
167 32
171 165
100 5
137 21
29 31
143 11
76 30
57 37
170 87
123 93
52 87
113 103
136 170
66 183
32 11
14 143
184 182
38 49
28 127
32 122
89 127
168 197
199 6
75 60
169 55
189 44
193 169
175 105
51 55
108 60
165 3
131 143
98 102
61 82
29 70
122 96
178 142
17 20
40 179
94 10
131 28
60 174
64 41
155 130
84 36
107 141
144 145
198 100
127 70
23 139
64 88
140 165
74 161
93 195
174 124
177 168
197 37
36 101
97 113
31 162
159 121
35 167
180 111
130 145
120 61
31 51
177 199
126 119
182 165
183 148
186 168
115 194
44 190
45 147
129 88
58 110
7 91
5 4
54 18
88 95
78 148
176 172
30 27
87 94
125 135
162 115
6 32
80 160
161 73
181 6
110 148
185 67
167 119
104 45
87 188
90 64
110 7
57 121
114 122
167 196
133 52
171 129
100 57
194 34
52 132
143 111
56 191
19 53
106 54
100 136
66 104
29 148
123 121
199 196
166 23
132 131
193 107
156 25
85 173
89 42
180 151
18 22
146 99
113 156
4 69
132 18
193 4
122 162
85 30
89 91
165 86
169 19
175 13
112 35
153 31
86 192
141 62
151 101
46 133
88 187
40 62
70 142
164 71
93 39
173 143
93 88
62 169
173 32
102 142
55 28
4 56
187 140
82 90
120 89
54 159
1 54
92 7
149 56
176 106
62 160
1 113
129 164
21 126
115 79
152 195
158 57
148 119
77 183
24 61
152 114
10 112
105 182
87 98
162 151
114 188
67 14
110 176
147 166
114 15
167 27
9 137
63 90
104 9
90 36
147 23
149 188
133 40
190 91
137 45
104 152
160 154
15 20
19 81
38 159
42 82
5 110
133 185
190 42
137 190
66 76
123 5
86 139
15 133
19 190
198 168
166 51
28 48
160 120
199 57
75 119
166 130
165 49
122 198
85 50
145 133
108 11
41 52
98 191
61 41
118 58
122 41
152 26
88 121
179 162
112 79
131 199
27 22
8 70
74 7
40 139
3 1
23 66
26 162
46 161
178 41
70 91
74 150
117 20
154 14
69 145
144 104
164 123
79 72
154 177
103 118
69 34
126 173
73 39
120 6
12 134
197 142
126 60
163 50
1 179
96 127
59 101
25 53
82 62
31 11
1 44
129 23
152 176
7 18
176 22
196 89
129 128
7 163
101 196
105 1
148 11
6 89
138 33
161 128
162 187
111 140
171 43
134 189
143 129
181 126
110 76
9 165
104 101
107 82
90 56
143 54
110 63
190 119
119 183
66 33
194 106
33 168
15 104
132 180
80 141
133 157
58 143
20 173
86 151
15 153
109 14
38 10
166 95
8 73
65 104
89 98
142 20
146 171
75 19
113 164
4 29
47 153
179 17
37 83
169 107
61 77
8 167
13 170
155 185
37 181
168 60
60 122
117 71
64 125
103 61
130 104
150 111
147 34
154 98
46 44
197 72
16 15
107 190
117 153
83 41
177 28
69 6
35 138
59 16
187 71
135 159
106 29
55 68
126 139
120 145
159 186
163 191
160 151
44 106
48 109
11 115
30 173
196 189
34 176
152 59
134 127
176 129
34 35
148 47
157 167
137 134
43 192
171 23
191 88
29 109
67 198
161 29
53 103
181 82
57 92
76 136
114 87
80 75
171 164
9 193
124 156
90 28
56 164
76 31
170 84
9 82
194 78
123 92
33 180
109 97
113 102
160 6
62 41
119 8
85 136
160 49
146 124
166 123
42 189
189 186
193 63
95 176
47 189
175 104
17 122
27 33
155 20
178 143
108 76
61 194
192 31
84 37
88 160
70 16
3 89
26 154
64 89
73 157
22 70
2 50
83 197
177 56
183 102
186 198
187 99
116 59
82 119
120 62
173 76
89 116
106 113
159 9
72 161
149 35
145 186
45 146
8 41
25 158
172 27
101 139
11 159
186 12
128 145
6 150
134 91
195 91
34 71
162 112
111 87
78 59
111 196
24 192
134 133
29 113
30 149
90 65
53 123
133 51
180 114
143 110
56 64
147 107
42 127
170 72
56 47
19 165
89 41
142 93
180 144
146 96
165 196
8 1
28 92
152 3
89 90
165 85
98 152
151 134
189 79
27 156
193 180
75 168
94 84
98 11
64 135
88 13
151 100
46 138
50 121
13 67
108 199
97 178
83 72
164 64
2 103
3 194
154 90
106 179
16 87
153 98
82 200
103 162
159 92
197 169
126 1
163 25
120 90
106 85
186 77
115 161
172 104
125 72
72 44
54 76
186 60
115 78
158 62
134 71
172 142
10 113
114 189
191 3
107 109
91 151
20 153
39 79
17 133
67 158
53 95
147 22
104 153
180 86
56 92
19 80
28 103
199 171
146 53
19 193
65 131
85 64
89 5
18 123
38 126
118 136
65 60
47 132
51 193
94 161
41 59
95 136
100 97
178 196
108 5
71 147
37 15
94 48
41 68
141 33
169 157
74 193
40 140
168 65
131 87
46 166
74 151
93 153
16 36
73 85
110 62
93 10
59 134
150 51
79 75
117 132
120 142
69 33
16 179
73 38
183 57
82 172
177 64
177 200
92 117
55 99
96 112
120 118
106 58
129 22
115 189
78 51
172 76
135 88
176 23
105 119
196 90
125 108
10 130
195 130
148 20
63 155
101 84
194 70
157 194
33 77
161 112
57 71
80 96
100 99
29 57
80 140
124 121
143 49
137 72
29 170
52 125
109 124
19 108
42 55
80 142
136 176
123 32
146 25
184 156
132 68
99 11
62 157
65 111
28 21
85 100
51 172
109 158
75 18
99 152
65 24
28 132
142 132
37 82
94 157
61 76
8 168
118 7
155 11
84 147
47 9
13 169
179 129
17 46
60 132
98 51
61 189
192 52
84 2
175 181
178 123
164 186
40 104
168 61
50 1
144 198
193 92
150 108
26 54
140 18
144 85
73 113
36 67
8 109
153 169
26 89
136 34
102 196
106 139
69 5
183 29
4 55
187 70
120 35
177 108
31 89
1 158
165 158
25 16
196 4
48 159
102 38
196 47
159 165
200 42
116 198
7 113
176 51
68 97
200 185
182 83
58 59
99 150
115 6
10 166
176 130
30 61
34 132
162 109
181 191
58 170
24 118
6 58
134 15
195 15
87 37
185 37
191 91
194 173
157 87
33 105
90 106
181 81
171 167
190 129
90 29
19 27
99 192
170 85
133 111
62 95
190 16
66 2
194 79
160 195
56 20
17 114
76 111
42 43
180 189
42 186
99 39
65 75
193 62
14 60
165 176
169 53
99 180
27 179
17 121
190 187
94 121
61 80
64 188
27 32
155 23
47 45
178 140
179 157
17 10
40 181
41 156
151 67
192 16
155 132
84 38
88 161
107 143
97 149
188 196
26 155
192 143
121 31
50 37
107 28
144 34
2 128
22 71
154 71
190 195
177 174
16 108
73 109
93 114
97 119
79 3
21 134
116 4
120 63
102 115
68 167
106 126
6 47
183 150
44 184
135 19
176 64
139 84
159 153
92 172
129 94
172 20
101 138
48 10
128 146
172 171
10 90
138 23
125 133
162 113
54 131
111 86
114 150
181 15
161 79
20 134
167 113
157 182
100 84
87 190
41 170
39 59
80 40
171 131
190 189
56 65
89 191
199 198
19 164
193 105
66 153
157 34
142 34
146 97
165 195
113 146
85 28
14 24
169 17
193 139
122 19
17 101
41 111
118 79
197 102
40 145
168 102
60 76
188 121
151 103
84 58
178 3
74 112
60 35
154 40
121 59
144 14
36 52
74 195
154 91
173 141
121 164
16 72
2 23
26 126
49 16
35 69
183 69
79 148
120 91
129 9
21 11
2 10
172 105
135 119
48 167
176 108
196 103
182 54
21 124
81 161
101 174
11 186
158 63
125 56
172 31
67 99
87 124
162 149
91 121
110 199
20 43
114 186
77 6
109 112
29 153
181 24
57 42
185 93
167 21
100 72
29 84
90 34
53 94
147 25
133 22
104 154
170 45
136 149
100 174
156 200
160 11
116 120
146 50
132 97
193 117
109 185
75 105
28 161
85 48
179 55
142 169
173 68
75 198
94 166
66 158
175 35
25 47
108 149
35 63
88 153
164 22
40 28
3 144
22 156
46 22
174 75
120 144
144 106
164 101
130 53
174 186
187 61
173 2
103 193
197 140
35 97
193 1
21 190
116 124
45 72
109 146
196 52
200 15
115 188
152 178
44 128
30 183
14 17
196 91
1 83
148 166
77 200
152 33
81 141
44 23
101 194
138 92
105 7
158 27
34 29
111 25
152 80
6 95
10 18
67 95
105 144
158 170
161 134
91 69
185 8
138 190
182 6
57 70
185 121
114 49
189 53
80 97
100 108
104 103
123 197
143 48
131 186
110 61
167 142
5 63
137 79
156 189
194 104
180 43
109 123
38 185
132 182
80 143
118 62
123 35
160 23
142 107
109 12
108 43
48 38
4 145
99 10
14 33
4 31
118 149
87 156
94 130
41 22
4 174
8 169
27 71
122 75
175 199
88 87
179 128
37 34
61 188
192 53
142 146
175 180
107 162
144 168
74 57
40 105
168 62
97 136
117 69
192 164
121 2
140 188
144 199
188 144
26 55
154 96
103 7
50 145
55 160
97 106
88 56
135 153
49 88
170 9
1 157
55 70
25 23
82 32
48 144
196 40
72 22
200 43
1 14
149 126
116 199
44 100
7 112
48 111
11 117
105 82
54 53
198 106
6 168
134 125
195 97
158 119
34 33
162 106
58 171
43 181
6 59
138 195
67 59
195 14
181 47
111 162
167 76
198 79
191 90
29 107
67 200
33 104
161 19
53 101
181 80
114 85
5 130
104 67
52 163
143 20
56 166
62 92
190 17
137 107
66 3
67 199
52 82
180 15
18 158
113 100
57 58
66 178
180 190
4 108
8 103
62 190
65 74
193 61
85 7
157 52
14 61
75 49
169 52
175 106
17 120
71 197
112 58
61 111
64 189
27 35
84 176
122 111
178 141
198 200
131 1
151 66
88 162
17 154
74 93
117 89
192 128
80 47
69 198
12 121
70 161
36 17
164 46
147 41
26 11
154 68
121 143
12 106
140 55
69 87
126 152
59 193
153 132
173 57
31 175
159 122
96 74
59 62
187 101
116 5
153 53
49 68
68 160
106 127
126 122
129 44
183 145
149 33
45 144
48 188
176 65
72 50
153 181
129 93
172 21
30 143
148 94
77 144
134 89
125 132
162 142
43 145
81 102
10 42
15 92
104 16
90 79
23 123
167 193
80 41
133 49
137 54
15 61
19 54
147 109
199 191
194 80
15 162
19 167
38 193
42 12
160 95
180 146
75 76
113 145
4 64
99 66
65 86
193 25
89 88
145 158
169 16
61 2
175 14
51 20
17 100
145 47
75 170
35 6
88 15
23 59
64 8
121 73
17 134
3 183
121 58
174 44
16 58
144 15
130 46
22 96
150 21
69 75
21 2
130 193
187 16
35 68
163 27
96 86
25 94
153 17
102 28
120 195
1 197
129 8
115 163
116 136
44 157
7 43
135 118
48 88
11 44
68 43
125 70
72 46
200 99
54 66
1 118
186 58
78 68
7 184
48 55
162 35
10 127
30 122
34 105
110 196
20 52
114 187
138 155
110 183
147 171
167 20
104 12
67 128
90 35
80 21
29 196
123 169
160 157
33 129
52 155
76 33
5 107
166 54
75 141
193 116
14 74
71 111
8 63
179 54
195 135
94 167
169 12
189 81
175 34
179 167
17 64
155 21
112 66
61 151
175 147
107 185
198 16
168 67
158 98
117 96
121 101
178 36
117 17
154 13
105 179
93 8
97 77
117 130
12 50
16 181
150 160
153 124
135 180
139 177
12 129
159 50
1 176
96 114
59 102
182 63
182 96
198 3
25 171
172 78
11 72
196 68
200 159
92 149
148 167
152 34
44 16
101 193
30 199
148 22
77 88
24 28
152 81
134 33
67 11
158 171
161 133
185 15
77 41
161 118
181 123
147 199
39 109
167 56
124 123
184 64
57 182
9 59
137 78
194 105
86 59
52 127
15 117
19 110
38 190
76 69
42 53
80 128
62 48
119 33
15 154
38 9
26 198
42 196
62 131
165 154
166 173
99 154
28 134
157 6
165 107
94 131
41 21
98 94
61 74
8 170
179 131
114 72
37 33
131 36
98 49
192 54
84 12
70 43
40 106
168 63
188 34
46 192
144 56
74 137
2 186
22 185
46 51
12 71
12 111
144 87
59 164
97 105
79 41
154 144
83 42
130 137
116 34
45 26
177 98
106 24
186 144
45 171
48 145
49 168
159 167
72 23
163 160
182 76
149 125
116 192
44 101
105 81
68 99
128 136
115 8
38 154
10 164
11 197
158 116
91 51
128 39
20 125
148 42
134 13
63 185
10 55
194 67
91 160
184 48
43 197
157 85
124 40
161 18
39 17
5 129
171 153
52 172
177 92
147 80
133 109
100 144
194 77
123 81
89 161
180 8
18 159
156 49
142 68
12 176
38 53
166 126
4 109
8 104
65 73
85 6
145 177
18 65
155 120
193 173
47 190
41 113
95 194
106 112
64 190
27 34
141 22
108 79
112 138
35 52
151 93
127 66
8 77
97 171
64 92
70 166
74 173
168 170
83 89
126 153
97 117
83 198
177 71
197 178
25 65
153 52
120 65
173 73
106 124
35 56
92 63
129 35
96 58
44 186
48 189
68 48
196 13
159 155
72 51
44 73
30 140
162 28
54 22
77 143
78 152
6 149
101 25
91 31
54 129
43 144
81 101
67 22
110 152
147 142
63 34
104 17
33 11
87 184
90 76
110 11
76 175
171 133
194 62
180 125
99 199
9 115
119 120
15 173
38 198
169 111
136 74
65 164
47 111
32 43
142 32
38 81
132 30
8 4
65 85
28 95
122 174
17 72
151 131
88 97
17 91
71 168
112 39
41 109
141 58
168 104
188 123
64 9
121 72
84 68
50 116
141 139
70 115
198 68
93 178
3 182
60 61
148 37
164 67
93 35
168 134
22 97
150 42
46 107
12 15
73 15
154 200
102 130
163 26
183 71
21 152
187 128
25 93
82 86
102 29
68 133
31 19
21 9
149 68
44 158
172 107
125 69
72 47
144 170
1 117
129 184
148 140
7 187
105 41
158 61
162 32
148 115
13 82
101 61
138 9
141 157
87 126
162 147
110 197
20 53
24 176
91 136
157 108
161 105
90 177
181 102
110 180
13 109
100 74
191 157
9 30
185 188
104 156
143 79
136 151
100 168
123 25
180 192
189 142
65 128
28 12
160 124
199 53
47 129
85 62
51 194
145 121
41 56
169 115
61 37
29 45
94 55
41 73
175 146
178 82
107 184
37 157
40 143
192 90
88 155
74 146
22 146
46 20
174 73
69 157
16 39
117 129
59 8
177 69
16 197
92 112
183 171
21 188
25 57
194 31
200 49
163 135
186 108
115 190
7 14
176 10
105 116
200 128
1 81
129 132
58 34
152 35
44 17
7 159
10 129
105 5
128 92
81 28
190 14
158 168
87 2
185 14
161 117
90 149
43 105
9 169
191 177
123 199
33 51
53 176
184 65
9 58
18 135
66 61
52 120
18 184
56 123
19 113
38 191
31 127
133 153
62 49
135 155
114 124
199 136
184 159
166 83
189 146
65 108
85 97
199 25
146 167
75 23
99 157
27 168
45 116
179 21
145 101
94 128
4 168
61 73
181 22
175 193
13 166
179 130
17 35
64 194
70 40
26 130
46 193
50 60
107 53
144 57
127 62
188 146
12 64
140 13
36 78
55 162
93 107
59 167
153 174
154 145
199 48
69 2
35 142
116 35
82 143
45 25
173 100
35 31
92 84
55 64
149 11
25 21
102 37
49 175
182 77
149 124
25 134
30 145
14 26
58 198
95 78
78 189
7 131
195 99
1 103
148 43
138 193
157 163
43 196
194 168
157 84
124 41
90 105
181 94
110 108
5 128
124 152
53 148
56 168
19 28
170 80
190 23
29 139
123 80
180 9
86 183
166 127
28 116
51 141
146 139
169 58
165 39
27 180
193 172
125 195
17 126
165 14
94 124
169 75
122 91
178 139
112 139
23 17
178 26
3 93
97 170
188 199
192 130
174 22
107 17
97 27
26 9
154 66
121 141
177 163
197 32
101 42
55 134
59 195
22 53
197 177
163 97
21 131
173 72
102 118
35 59
182 190
129 34
120 177
48 190
139 73
72 52
92 175
96 170
81 186
44 74
172 23
30 141
17 174
78 153
158 81
34 67
20 18
178 5
157 135
181 1
57 19
111 192
39 167
63 45
191 120
28 129
96 16
161 61
90 77
143 197
110 8
57 124
76 168
80 43
133 63
171 132
190 160
104 161
123 143
26 171
170 52
9 114
137 133
89 188
15 172
18 128
113 6
166 8
132 136
136 75
65 187
32 44
146 92
165 192
118 160
193 31
32 155
89 94
95 144
33 1
100 101
51 22
198 155
41 108
64 155
103 24
198 42
40 148
3 40
33 36
121 79
88 128
107 108
3 185
121 56
197 115
164 76
93 34
130 44
22 102
154 166
69 73
197 4
126 186
73 14
36 134
150 154
143 22
177 88
35 70
55 27
116 27
45 97
9 192
157 193
200 22
129 14
186 73
115 165
172 100
182 53
148 141
21 121
115 82
78 74
9 86
195 170
158 34
125 53
111 6
152 119
101 60
30 120
114 185
138 153
90 190
57 47
167 22
100 75
194 144
67 130
190 92
104 157
52 101
15 19
113 81
42 95
9 110
160 14
15 128
184 132
113 34
28 13
85 76
160 125
89 9
75 106
166 135
4 38
122 195
131 189
98 184
151 166
122 50
13 129
112 68
98 43
192 44
178 83
141 93
108 144
164 130
64 22
192 91
84 89
89 52
73 200
164 17
3 149
154 11
46 21
49 134
69 156
197 87
182 129
93 6
97 67
117 128
174 185
12 44
59 11
187 62
150 166
120 11
31 97
197 137
183 170
25 56
82 59
120 122
49 130
180 109
182 102
115 129
11 43
48 70
11 74
105 123
200 129
128 174
77 197
115 46
6 195
10 142
30 197
91 41
128 93
95 188
6 82
134 39
161 155
92 182
185 13
134 182
191 35
138 189
125 100
20 185
39 111
149 169
9 168
176 36
78 65
123 198
128 162
90 5
56 141
29 166
123 183
160 187
109 120
76 71
42 51
156 47
86 168
14 181
118 13
85 96
89 101
142 25
71 77
165 152
166 163
4 26
27 171
47 164
179 20
112 17
131 153
4 169
155 15
13 165
179 133
108 101
94 16
141 65
70 41
198 114
74 36
37 176
3 96
97 141
60 119
117 66
64 114
192 167
84 125
50 61
107 52
144 58
2 184
130 101
22 191
150 96
46 49
174 106
50 140
16 4
36 79
93 106
79 43
103 145
183 25
187 90
116 44
45 24
83 157
88 108
92 85
186 158
120 150
49 174
21 64
115 157
152 145
105 87
196 186
72 104
54 8
148 69
78 130
6 175
172 195
176 134
34 60
54 187
111 62
6 62
101 116
87 33
90 199
43 199
134 146
29 104
39 19
5 143
171 155
52 174
56 169
147 82
167 175
5 16
133 107
136 193
9 85
137 104
66 30
194 75
160 199
89 167
52 93
15 75
56 24
113 25
76 107
119 7
66 177
142 74
18 44
169 168
132 36
136 63
122 136
85 4
71 49
165 188
99 184
29 86
47 184
179 112
17 125
145 64
75 131
84 179
64 47
155 152
84 34
141 101
93 172
140 20
3 92
132 32
50 33
69 195
73 128
36 28
164 41
2 156
97 26
26 22
154 67
173 165
46 77
80 18
177 162
50 176
197 47
153 137
103 181
159 103
197 176
96 77
79 188
82 112
45 124
194 6
68 163
106 122
86 24
115 200
44 180
82 3
135 15
68 50
159 133
119 142
182 46
96 171
101 182
48 14
46 195
125 16
128 150
184 16
78 158
6 139
172 167
101 7
30 29
34 64
20 19
81 91
111 195
39 166
24 197
100 80
63 44
124 78
87 186
90 74
147 1
80 44
109 79
191 200
124 189
180 127
19 59
42 120
133 79
15 175
18 129
56 52
132 137
42 24
142 38
180 157
146 93
180 118
166 152
32 156
145 147
98 149
151 157
8 149
27 147
28 200
47 92
175 11
1 132
145 44
165 33
118 67
40 149
3 43
131 126
60 72
188 117
84 70
13 126
107 111
93 176
3 184
106 70
174 51
16 61
70 128
168 136
26 106
103 72
69 72
2 19
150 155
153 101
173 26
102 128
49 20
12 152
35 73
92 110
193 13
21 166
153 22
106 94
200 23
1 53
21 23
115 164
135 115
89 76
196 99
198 107
58 12
21 120
81 165
48 42
11 190
158 35
128 114
20 64
152 120
10 122
30 121
125 165
186 36
66 145
81 71
138 134
181 100
92 132
147 172
191 159
157 27
33 21
110 37
190 130
120 141
190 93
128 176
124 193
66 194
151 171
113 80
42 92
5 104
66 70
123 27
180 194
131 157
166 53
136 104
65 134
156 123
160 126
142 2
109 181
178 199
95 102
65 55
85 60
32 184
179 59
4 182
24 38
8 177
27 127
155 34
84 132
47 112
152 27
71 142
112 69
98 40
88 157
70 93
164 18
3 148
154 8
69 155
125 130
93 5
79 86
83 19
23 8
69 44
35 148
183 52
187 49
150 167
177 123
31 96
35 101
163 56
59 123
25 63
82 56
120 123
200 51
1 38
21 43
152 182
25 168
135 87
48 71
87 47
30 187
200 130
128 175
1 87
148 162
152 37
81 129
91 168
176 155
77 85
152 84
6 83
111 165
195 22
161 154
22 192
171 33
138 186
33 64
63 100
191 179
143 60
56 142
167 138
170 122
9 56
194 100
160 188
180 55
18 182
132 178
5 76
62 55
119 34
123 39
142 111
184 161
166 81
42 195
189 144
136 4
65 98
156 95
14 37
199 27
193 198
175 82
51 32
179 23
112 18
165 104
94 134
131 152
53 71
104 119
108 102
112 97
60 129
64 196
84 15
175 176
13 53
198 115
127 171
164 167
97 21
104 92
84 126
50 58
107 55
144 59
74 180
2 185
22 188
150 97
147 37
177 133
69 127
36 72
103 144
55 45
59 22
120 40
1 145
183 137
96 17
149 9
116 92
176 89
5 42
185 100
149 122
11 105
54 9
152 1
10 163
158 123
162 102
128 58
58 183
77 121
81 126
101 115
87 32
110 131
171 13
104 56
124 43
181 92
37 10
80 65
43 87
104 71
52 175
143 16
133 106
199 195
29 137
123 82
103 199
113 24
76 100
14 150
180 186
146 118
166 125
95 41
62 162
51 143
12 163
86 190
189 37
155 125
17 124
71 193
41 118
126 65
98 97
178 137
40 186
94 13
131 5
144 136
4 101
117 37
121 34
25 24
74 168
168 173
150 13
154 64
121 147
12 102
50 177
16 97
71 96
79 14
159 102
183 124
96 78
116 1
153 57
45 123
68 172
92 58
176 69
54 122
1 110
96 172
115 120
101 181
48 15
196 159
125 47
162 27
128 151
148 90
77 140
24 40
152 29
101 6
105 195
120 18
181 158
6 27
191 21
91 129
110 159
111 194
167 108
169 22
171 105
100 81
191 122
33 8
161 51
53 69
110 14
114 117
170 163
133 61
190 166
119 196
123 129
52 131
76 57
42 121
80 188
133 78
119 117
89 130
15 174
11 199
38 197
132 138
165 7
65 185
156 16
89 51
142 39
10 133
146 90
169 139
99 70
122 173
165 95
189 73
118 105
108 31
151 13
95 4
141 55
112 169
23 55
46 140
178 60
74 125
111 46
121 62
174 48
140 64
128 61
81 24
93 32
168 137
22 100
154 164
173 136
121 175
174 163
103 75
16 77
36 128
93 81
187 20
150 152
173 25
177 94
92 111
55 21
21 165
59 94
120 96
87 6
72 195
92 30
149 65
44 153
135 114
139 119
34 131
200 103
128 196
182 11
81 86
149 178
44 40
128 115
46 142
185 134
24 4
152 121
81 53
138 52
30 126
34 101
162 174
6 7
141 138
143 170
89 100
167 16
43 14
171 85
90 47
80 9
100 196
29 192
141 165
143 72
184 23
62 24
86 130
89 158
180 195
184 134
65 133
193 72
32 74
71 107
199 54
146 190
75 108
38 112
95 97
98 199
118 130
32 185
179 58
145 126
164 39
131 191
98 182
122 48
16 60
179 171
17 68
141 91
198 20
127 182
64 104
84 91
50 23
88 158
127 7
3 151
117 29
46 27
197 85
50 186
59 156
79 81
12 46
106 145
69 43
73 40
36 164
55 200
187 48
135 176
173 125
177 122
72 144
35 100
92 115
187 161
120 124
200 52
163 136
1 37
78 53
44 125
172 74
176 13
54 34
195 136
158 28
111 36
6 80
101 94
195 25
24 143
157 77
33 71
161 10
53 12
110 87
57 73
39 105
80 102
100 105
63 103
104 108
5 66
90 3
184 68
57 186
167 133
133 117
119 140
156 186
29 164
86 63
56 126
113 115
126 5
170 10
136 182
137 195
66 171
86 174
42 192
99 49
65 97
18 89
146 162
27 173
199 140
9 101
165 23
106 116
151 196
189 113
179 135
108 103
127 197
94 22
131 40
23 14
64 197
84 8
178 117
70 47
17 177
127 170
117 64
64 116
50 59
120 131
70 190
130 99
168 178
173 191
46 55
189 177
59 184
16 149
21 8
55 44
183 27
153 92
120 41
49 83
31 71
126 67
116 93
176 90
49 172
196 21
159 163
72 27
96 129
115 136
172 46
101 144
30 148
125 10
128 140
58 197
75 54
134 118
158 120
58 180
101 114
161 165
91 164
110 128
39 188
194 167
157 81
33 99
43 86
100 13
29 23
15 36
112 28
76 22
62 65
66 28
194 73
180 20
198 176
156 13
160 72
180 187
18 42
38 41
166 114
132 38
99 45
136 33
65 77
28 119
145 181
108 52
37 112
94 99
169 72
27 38
178 134
141 18
40 187
41 134
84 44
144 137
30 23
97 175
60 21
188 194
20 108
161 196
36 30
164 43
150 2
26 20
121 146
177 160
93 76
59 196
153 143
173 52
197 190
116 2
153 56
82 110
173 69
149 44
44 182
82 1
135 9
11 7
196 9
72 55
1 109
21 98
81 191
101 180
196 152
129 193
77 139
78 156
176 164
34 94
162 139
54 133
114 144
191 20
157 132
110 156
99 131
100 82
191 101
29 74
87 180
143 198
110 15
39 49
80 46
100 33
104 164
123 128
15 56
56 71
147 112
76 58
119 116
123 113
86 103
15 169
109 62
193 99
66 147
32 47
18 14
38 85
166 158
99 73
65 41
7 125
98 147
61 29
189 72
193 141
47 94
175 21
157 28
17 95
145 34
112 91
75 161
178 170
3 45
97 30
23 54
141 135
127 98
3 186
23 167
154 50
121 61
73 162
93 63
168 138
97 36
143 4
83 121
73 51
12 154
35 75
55 20
120 97
102 17
170 98
106 92
72 196
200 25
149 64
44 154
11 35
68 16
34 128
129 188
180 82
78 73
125 50
162 60
20 66
160 180
152 122
81 52
134 62
7 196
138 53
30 127
87 122
162 175
91 127
109 111
191 8
161 109
90 189
53 55
147 174
185 103
114 7
43 1
9 177
63 66
157 25
124 108
90 44
133 16
119 171
160 146
15 28
184 24
5 86
137 166
156 198
79 16
184 135
132 111
99 20
136 106
32 75
160 112
109 179
146 191
19 197
85 58
32 186
94 168
169 119
155 36
122 49
13 190
145 14
37 8
151 16
175 158
178 78
127 177
60 110
23 90
192 94
141 171
70 83
182 179
22 150
150 91
174 77
103 25
69 153
73 94
130 15
97 64
79 80
26 76
83 21
16 170
150 165
45 49
173 124
177 121
72 145
35 103
55 120
21 184
59 125
11 57
135 192
139 5
129 111
115 130
152 184
25 174
135 81
34 164
182 20
148 172
115 51
78 165
6 198
7 155
176 157
30 200
162 64
1 99
20 102
148 19
24 97
6 81
10 28
67 69
105 154
158 172
39 155
100 103
171 35
63 17
138 184
33 70
161 9
39 104
100 106
191 189
124 112
53 188
184 69
133 116
9 62
137 113
156 187
29 163
52 68
180 49
18 180
56 127
38 179
5 74
62 53
156 42
14 184
18 199
95 55
8 113
62 132
85 109
146 163
165 133
169 194
189 31
32 198
165 22
98 91
151 199
8 175
11 192
40 192
178 114
70 44
17 176
40 111
192 186
121 4
84 120
107 41
74 178
2 183
188 174
174 105
12 124
50 139
58 173
16 7
73 122
93 103
130 19
153 178
154 157
69 14
16 150
35 178
183 26
13 18
79 165
135 151
102 78
49 82
177 101
106 5
159 29
126 64
96 19
149 23
82 26
135 36
177 178
200 81
163 167
129 75
96 130
115 158
78 22
105 84
68 104
54 15
115 15
78 129
172 190
138 122
162 100
185 189
58 181
24 125
134 6
22 48
161 164
91 167
167 74
63 53
191 64
29 101
124 37
76 128
39 12
5 140
171 156
137 28
15 39
19 32
5 29
136 196
190 27
29 135
86 88
89 164
18 152
14 148
142 73
18 43
38 46
95 43
99 44
104 23
193 55
85 1
89 70
71 50
166 194
98 140
122 6
175 112
51 62
198 179
39 20
94 96
118 122
198 194
168 113
60 167
2 106
50 77
79 179
127 73
40 75
60 22
23 130
64 81
121 32
86 53
73 133
168 175
188 178
26 21
173 162
69 81
16 99
126 130
73 22
55 130
93 75
59 199
187 10
22 2
31 149
21 143
153 63
83 186
100 200
49 126
106 121
137 66
186 177
149 43
44 183
172 124
45 138
72 56
149 156
78 114
172 19
105 48
196 153
128 105
77 138
134 83
172 162
138 30
170 49
158 85
91 18
54 154
114 145
77 27
9 117
39 163
43 36
18 160
104 22
67 170
53 67
110 12
170 161
100 34
137 56
135 182
124 184
15 59
143 118
184 125
151 161
80 190
190 55
89 128
52 60
109 61
166 12
28 37
18 15
166 159
4 78
42 153
8 9
118 164
28 84
122 171
85 37
179 32
169 26
98 144
61 28
27 148
193 140
108 25
145 33
28 38
165 46
151 15
118 70
178 144
175 133
141 53
127 156
192 115
46 146
89 48
178 58
107 96
40 39
3 189
22 139
117 7
121 60
93 62
130 40
168 139
97 59
79 127
121 173
126 190
28 120
187 22
12 155
187 135
116 103
200 26
92 24
21 20
7 33
139 105
54 68
115 86
105 44
24 6
134 63
172 134
195 63
91 126
77 63
81 68
191 11
171 87
191 152
104 114
33 42
90 45
110 40
147 30
9 1
104 129
33 155
180 94
108 61
28 196
42 91
5 85
119 91
156 199
89 156
15 140
199 163
184 136
113 38
166 40
65 155
85 72
32 76
89 13
18 115
118 128
47 140
105 4
145 124
4 177
27 112
88 66
71 139
37 55
141 89
198 10
127 176
74 12
23 85
117 106
192 95
70 80
127 1
74 159
22 151
46 25
177 158
73 93
130 12
59 158
97 71
26 77
83 20
174 189
103 105
35 153
73 46
153 70
82 164
173 123
159 56
72 146
13 4
120 126
139 4
1 59
129 110
21 40
115 133
152 185
34 146
176 15
105 127
68 117
34 165
200 133
54 32
182 21
81 134
105 8
158 2
168 51
128 81
1 67
58 158
134 27
63 131
67 68
87 25
77 35
171 34
134 170
124 2
181 69
110 85
76 157
114 40
167 54
191 188
29 49
137 112
29 162
86 61
109 116
133 132
156 43
142 114
180 161
109 5
38 3
4 119
189 173
32 104
166 167
47 160
179 24
41 31
64 168
27 92
100 111
17 38
37 43
188 73
192 12
175 189
70 45
127 84
168 37
97 129
188 56
64 118
121 11
84 121
50 57
188 175
140 10
16 120
130 16
59 186
153 177
177 11
69 13
163 72
102 79
177 100
72 142
35 2
132 70
116 95
45 165
139 32
72 29
92 192
149 135
143 71
194 103
105 91
115 14
62 72
138 123
30 37
87 76
91 9
54 191
111 58
148 48
24 126
43 170
10 49
62 35
170 35
90 195
103 190
110 134
111 171
171 14
134 150
104 59
161 20
90 114
53 110
181 89
76 129
43 72
132 177
109 83
180 103
5 28
156 152
86 89
21 82
18 153
76 103
42 19
119 3
66 141
160 74
14 149
180 133
160 42
99 47
193 54
165 184
166 195
95 187
99 188
17 113
37 126
95 200
31 50
64 180
131 6
155 156
50 74
13 86
144 139
127 72
164 198
121 39
174 27
140 95
107 20
144 26
73 132
36 24
130 69
22 95
154 79
83 95
121 144
109 191
177 166
50 172
69 80
35 192
73 21
55 157
2 11
187 13
79 11
31 148
135 16
197 188
126 18
187 122
120 71
102 107
126 125
92 53
44 176
172 125
176 120
139 76
159 129
200 78
54 121
182 34
58 116
96 175
149 105
7 77
101 178
105 55
68 77
77 137
152 96
158 90
162 137
21 89
54 155
111 94
43 150
157 130
90 167
92 136
167 105
191 103
194 137
157 51
90 86
110 13
57 135
114 112
80 32
133 58
190 165
137 63
124 185
15 58
143 113
80 191
190 52
123 115
52 61
109 60
169 110
193 97
156 19
160 86
14 113
18 12
4 79
8 10
85 36
32 144
179 35
193 131
175 23
88 103
51 29
94 93
41 87
151 14
88 22
141 52
198 47
112 172
131 98
60 68
188 113
50 110
88 133
141 133
30 24
46 2
27 18
69 163
144 6
79 126
117 183
173 133
121 172
69 52
197 15
126 191
73 49
187 41
82 193
139 138
31 136
197 144
126 14
1 173
183 93
21 162
48 192
139 27
31 25
200 27
149 78
116 151
172 97
176 100
139 104
68 18
125 95
144 171
54 69
182 14
78 79
77 173
134 60
101 39
34 96
138 130
