2000 100
1444 134
145 843
359 1939
513 1225
984 1750
35 219
1274 114
1349 1983
1976 445
1829 1368
944 33
446 1763
60 462
1454 1783
1573 1347
950 660
834 1053
1973 539
1691 746
1130 1556
861 1682
1372 1950
388 634
693 433
258 743
1645 1062
1225 1680
1713 694
1807 1683
688 521
1266 1826
1401 1261
269 338
1916 1083
887 257
900 1095
686 318
171 927
1021 1428
1519 832
782 481
38 876
32 675
5 1954
1878 1113
542 1646
906 272
589 804
979 354
380 1403
1336 1993
829 252
1155 886
1383 1324
1305 1528
1105 671
436 1651
96 1768
1471 1706
1730 1927
592 235
916 313
1594 960
878 408
677 1704
1235 644
516 784
942 1484
1485 1533
1137 1879
278 1578
650 540
169 968
200 1740
519 882
1791 1318
560 1776
703 759
1313 1610
1883 415
965 1367
1715 1884
1327 1665
1008 341
199 1297
1437 1614
1115 802
325 552
1846 1179
1573 1241
1289 457
1857 103
1233 1741
557 991
1565 606
1993 1935
767 741
369 1086
1507 668
1381 1399
